job_id,operation_id,machine,start_time,duration,plan_duration,end_time
p100,1,a1_0,0.0,15,16.36242603550296,16.36242603550296
p100,2,a4_0,0.0,45,49.087278106508876,49.087278106508876
p100,4,a2_0,0.0,30,32.72485207100592,32.72485207100592
p10,1,a1_0,16.36242603550296,30,32.72485207100592,49.087278106508876
p101,1,a1_0,49.087278106508876,15,16.36242603550296,65.44970414201184
p101,2,a4_0,49.087278106508876,45,49.087278106508876,98.17455621301775
p101,4,a2_0,32.72485207100592,30,32.72485207100592,65.44970414201184
p10,2,a2_0,65.44970414201184,45,49.087278106508876,114.53698224852072
p102,1,a1_0,65.44970414201184,15,16.36242603550296,81.8121301775148
p102,2,a4_0,98.17455621301775,45,49.087278106508876,147.26183431952663
p102,4,a2_0,114.53698224852072,30,32.72485207100592,147.26183431952663
p10,3,a1_0,81.8121301775148,15,16.36242603550296,98.17455621301777
p103,1,a1_0,98.17455621301777,30,32.72485207100592,130.89940828402368
p103,2,a2_0,147.26183431952663,45,49.087278106508876,196.3491124260355
p103,3,a1_0,130.89940828402368,15,16.36242603550296,147.26183431952663
p104,1,a1_0,147.26183431952663,15,16.36242603550296,163.62426035502958
p104,2,a4_0,147.26183431952663,45,49.087278106508876,196.3491124260355
p104,4,a2_0,196.3491124260355,30,32.72485207100592,229.07396449704143
p105,1,a1_0,163.62426035502958,15,16.36242603550296,179.98668639053253
p105,2,a4_0,196.3491124260355,45,49.087278106508876,245.43639053254438
p105,4,a2_0,229.07396449704143,30,32.72485207100592,261.79881656804736
p106,1,a1_0,179.98668639053253,15,16.36242603550296,196.34911242603548
p106,2,a4_0,245.43639053254438,45,49.087278106508876,294.52366863905326
p106,4,a2_0,261.79881656804736,30,32.72485207100592,294.52366863905326
p107,1,a1_0,196.34911242603548,30,32.72485207100592,229.0739644970414
p107,2,a2_0,294.52366863905326,45,49.087278106508876,343.61094674556216
p107,3,a1_0,229.0739644970414,15,16.36242603550296,245.43639053254435
p108,1,a1_0,245.43639053254435,15,16.36242603550296,261.7988165680473
p108,2,a4_0,294.52366863905326,45,49.087278106508876,343.61094674556216
p108,4,a2_0,343.61094674556216,30,32.72485207100592,376.33579881656806
p109,1,a1_0,261.7988165680473,30,32.72485207100592,294.5236686390532
p109,2,a2_0,376.33579881656806,45,49.087278106508876,425.4230769230769
p109,3,a1_0,294.5236686390532,15,16.36242603550296,310.88609467455615
p110,1,a1_0,310.88609467455615,30,32.72485207100592,343.61094674556205
p110,2,a2_0,425.4230769230769,45,49.087278106508876,474.51035502958575
p110,3,a1_0,343.61094674556205,15,16.36242603550296,359.973372781065
p11,1,a1_0,359.973372781065,30,32.72485207100592,392.6982248520709
p111,1,a1_0,392.6982248520709,30,32.72485207100592,425.4230769230768
p111,2,a2_0,474.51035502958575,45,49.087278106508876,523.5976331360946
p111,3,a1_0,425.4230769230768,15,16.36242603550296,441.78550295857974
p11,2,a2_0,523.5976331360946,45,49.087278106508876,572.6849112426034
p112,1,a1_0,441.78550295857974,15,16.36242603550296,458.1479289940827
p112,2,a4_0,343.61094674556216,45,49.087278106508876,392.698224852071
p112,4,a2_0,572.6849112426034,30,32.72485207100592,605.4097633136093
p11,3,a1_0,458.1479289940827,15,16.36242603550296,474.51035502958564
p113,1,a1_0,474.51035502958564,15,16.36242603550296,490.8727810650886
p113,2,a4_0,392.698224852071,45,49.087278106508876,441.78550295857985
p113,4,a2_0,605.4097633136093,30,32.72485207100592,638.1346153846152
p114,1,a1_0,490.8727810650886,30,32.72485207100592,523.5976331360945
p114,2,a2_0,638.1346153846152,45,49.087278106508876,687.2218934911241
p114,3,a1_0,523.5976331360945,15,16.36242603550296,539.9600591715974
p115,1,a1_0,539.9600591715974,15,16.36242603550296,556.3224852071004
p115,2,a4_0,441.78550295857985,45,49.087278106508876,490.8727810650887
p115,4,a2_0,687.2218934911241,30,32.72485207100592,719.94674556213
p116,1,a1_0,556.3224852071004,30,32.72485207100592,589.0473372781063
p116,2,a2_0,719.94674556213,45,49.087278106508876,769.0340236686388
p116,3,a1_0,589.0473372781063,15,16.36242603550296,605.4097633136092
p117,1,a1_0,605.4097633136092,15,16.36242603550296,621.7721893491122
p117,2,a4_0,490.8727810650887,45,49.087278106508876,539.9600591715975
p117,4,a2_0,769.0340236686388,30,32.72485207100592,801.7588757396447
p118,1,a1_0,621.7721893491122,15,16.36242603550296,638.1346153846151
p118,2,a4_0,539.9600591715975,45,49.087278106508876,589.0473372781064
p118,4,a2_0,801.7588757396447,30,32.72485207100592,834.4837278106506
p119,1,a1_0,638.1346153846151,30,32.72485207100592,670.859467455621
p119,2,a2_0,834.4837278106506,45,49.087278106508876,883.5710059171595
p119,3,a1_0,670.859467455621,15,16.36242603550296,687.221893491124
p120,1,a1_0,687.221893491124,15,16.36242603550296,703.5843195266269
p120,2,a4_0,589.0473372781064,45,49.087278106508876,638.1346153846152
p120,4,a2_0,883.5710059171595,30,32.72485207100592,916.2958579881654
p12,1,a1_0,703.5843195266269,30,32.72485207100592,736.3091715976328
p121,1,a1_0,736.3091715976328,15,16.36242603550296,752.6715976331358
p121,2,a4_0,638.1346153846152,45,49.087278106508876,687.2218934911241
p121,4,a2_0,916.2958579881654,30,32.72485207100592,949.0207100591713
p12,2,a2_0,949.0207100591713,45,49.087278106508876,998.1079881656801
p122,1,a1_0,752.6715976331358,30,32.72485207100592,785.3964497041417
p122,2,a2_0,998.1079881656801,45,49.087278106508876,1047.195266272189
p122,3,a1_0,785.3964497041417,15,16.36242603550296,801.7588757396446
p12,3,a1_0,801.7588757396446,15,16.36242603550296,818.1213017751476
p123,1,a1_0,818.1213017751476,15,16.36242603550296,834.4837278106505
p123,2,a4_0,687.2218934911241,45,49.087278106508876,736.3091715976329
p123,4,a2_0,1047.195266272189,30,32.72485207100592,1079.9201183431949
p124,1,a1_0,834.4837278106505,15,16.36242603550296,850.8461538461535
p124,2,a4_0,736.3091715976329,45,49.087278106508876,785.3964497041418
p124,4,a2_0,1079.9201183431949,30,32.72485207100592,1112.6449704142008
p125,1,a1_0,850.8461538461535,15,16.36242603550296,867.2085798816564
p125,2,a4_0,785.3964497041418,45,49.087278106508876,834.4837278106506
p125,4,a2_0,1112.6449704142008,30,32.72485207100592,1145.3698224852067
p126,1,a1_0,867.2085798816564,15,16.36242603550296,883.5710059171594
p126,2,a4_0,834.4837278106506,45,49.087278106508876,883.5710059171595
p126,4,a2_0,1145.3698224852067,30,32.72485207100592,1178.0946745562126
p127,1,a1_0,883.5710059171594,30,32.72485207100592,916.2958579881653
p127,2,a2_0,1178.0946745562126,45,49.087278106508876,1227.1819526627214
p127,3,a1_0,916.2958579881653,15,16.36242603550296,932.6582840236682
p128,1,a1_0,932.6582840236682,30,32.72485207100592,965.3831360946741
p128,2,a2_0,1227.1819526627214,45,49.087278106508876,1276.2692307692303
p128,3,a1_0,965.3831360946741,15,16.36242603550296,981.7455621301771
p129,1,a1_0,981.7455621301771,30,32.72485207100592,1014.470414201183
p129,2,a2_0,1276.2692307692303,45,49.087278106508876,1325.356508875739
p129,3,a1_0,1014.470414201183,15,16.36242603550296,1030.832840236686
p130,1,a1_0,1030.832840236686,15,16.36242603550296,1047.195266272189
p130,2,a4_0,883.5710059171595,45,49.087278106508876,932.6582840236683
p130,4,a2_0,1325.356508875739,30,32.72485207100592,1358.081360946745
p13,1,a1_0,1047.195266272189,30,32.72485207100592,1079.9201183431949
p131,1,a1_0,1079.9201183431949,15,16.36242603550296,1096.2825443786978
p131,2,a4_0,932.6582840236683,45,49.087278106508876,981.7455621301772
p131,4,a2_0,1358.081360946745,30,32.72485207100592,1390.806213017751
p13,2,a2_0,1390.806213017751,45,49.087278106508876,1439.8934911242598
p132,1,a1_0,1096.2825443786978,15,16.36242603550296,1112.6449704142008
p132,2,a4_0,981.7455621301772,45,49.087278106508876,1030.832840236686
p132,4,a2_0,1439.8934911242598,30,32.72485207100592,1472.6183431952657
p13,3,a1_0,1112.6449704142008,15,16.36242603550296,1129.0073964497037
p133,1,a1_0,1129.0073964497037,30,32.72485207100592,1161.7322485207096
p133,2,a2_0,1472.6183431952657,45,49.087278106508876,1521.7056213017745
p133,3,a1_0,1161.7322485207096,15,16.36242603550296,1178.0946745562126
p134,1,a1_0,1178.0946745562126,30,32.72485207100592,1210.8195266272185
p134,2,a2_0,1521.7056213017745,45,49.087278106508876,1570.7928994082833
p134,3,a1_0,1210.8195266272185,15,16.36242603550296,1227.1819526627214
p135,1,a1_0,1227.1819526627214,15,16.36242603550296,1243.5443786982244
p135,2,a4_0,1030.832840236686,45,49.087278106508876,1079.9201183431949
p135,4,a2_0,1570.7928994082833,30,32.72485207100592,1603.5177514792892
p136,1,a1_0,1243.5443786982244,15,16.36242603550296,1259.9068047337273
p136,2,a4_0,1079.9201183431949,45,49.087278106508876,1129.0073964497037
p136,4,a2_0,1603.5177514792892,30,32.72485207100592,1636.2426035502951
p137,1,a1_0,1259.9068047337273,30,32.72485207100592,1292.6316568047332
p137,2,a2_0,1636.2426035502951,45,49.087278106508876,1685.329881656804
p137,3,a1_0,1292.6316568047332,15,16.36242603550296,1308.9940828402362
p138,1,a1_0,1308.9940828402362,30,32.72485207100592,1341.718934911242
p138,2,a2_0,1685.329881656804,45,49.087278106508876,1734.4171597633128
p138,3,a1_0,1341.718934911242,15,16.36242603550296,1358.081360946745
p139,1,a1_0,1358.081360946745,30,32.72485207100592,1390.806213017751
p139,2,a2_0,1734.4171597633128,45,49.087278106508876,1783.5044378698217
p139,3,a1_0,1390.806213017751,15,16.36242603550296,1407.1686390532539
p140,1,a1_0,1407.1686390532539,15,16.36242603550296,1423.5310650887568
p140,2,a4_0,1129.0073964497037,45,49.087278106508876,1178.0946745562126
p140,4,a2_0,1783.5044378698217,30,32.72485207100592,1816.2292899408276
p14,1,a1_0,1423.5310650887568,15,16.36242603550296,1439.8934911242598
p141,1,a1_0,1439.8934911242598,15,16.36242603550296,1456.2559171597627
p141,2,a4_0,1178.0946745562126,45,49.087278106508876,1227.1819526627214
p141,4,a2_0,1816.2292899408276,30,32.72485207100592,1848.9541420118335
p14,2,a4_0,1227.1819526627214,45,49.087278106508876,1276.2692307692303
p142,1,a1_0,1456.2559171597627,30,32.72485207100592,1488.9807692307686
p142,2,a2_0,1848.9541420118335,45,49.087278106508876,1898.0414201183423
p142,3,a1_0,1488.9807692307686,15,16.36242603550296,1505.3431952662716
p143,1,a1_0,1505.3431952662716,30,32.72485207100592,1538.0680473372774
p143,2,a2_0,1898.0414201183423,45,49.087278106508876,1947.1286982248512
p143,3,a1_0,1538.0680473372774,15,16.36242603550296,1554.4304733727804
p14,4,a2_0,1947.1286982248512,30,32.72485207100592,1979.853550295857
p144,1,a1_0,1554.4304733727804,15,16.36242603550296,1570.7928994082833
p144,2,a4_0,1276.2692307692303,45,49.087278106508876,1325.356508875739
p144,4,a2_0,1979.853550295857,30,32.72485207100592,2012.578402366863
p145,1,a1_0,1570.7928994082833,30,32.72485207100592,1603.5177514792892
p145,2,a2_0,2012.578402366863,45,49.087278106508876,2061.665680473372
p145,3,a1_0,1603.5177514792892,15,16.36242603550296,1619.8801775147922
p146,1,a1_0,1619.8801775147922,15,16.36242603550296,1636.2426035502951
p146,2,a4_0,1325.356508875739,45,49.087278106508876,1374.443786982248
p146,4,a2_0,2061.665680473372,30,32.72485207100592,2094.390532544378
p147,1,a1_0,1636.2426035502951,30,32.72485207100592,1668.967455621301
p147,2,a2_0,2094.390532544378,45,49.087278106508876,2143.477810650887
p147,3,a1_0,1668.967455621301,15,16.36242603550296,1685.329881656804
p148,1,a1_0,1685.329881656804,30,32.72485207100592,1718.05473372781
p148,2,a2_0,2143.477810650887,45,49.087278106508876,2192.565088757396
p148,3,a1_0,1718.05473372781,15,16.36242603550296,1734.4171597633128
p149,1,a1_0,1734.4171597633128,15,16.36242603550296,1750.7795857988158
p149,2,a4_0,1374.443786982248,45,49.087278106508876,1423.5310650887568
p149,4,a2_0,2192.565088757396,30,32.72485207100592,2225.289940828402
p150,1,a1_0,1750.7795857988158,15,16.36242603550296,1767.1420118343187
p150,2,a4_0,1423.5310650887568,45,49.087278106508876,1472.6183431952657
p150,4,a2_0,2225.289940828402,30,32.72485207100592,2258.014792899408
p15,1,a1_0,1767.1420118343187,30,32.72485207100592,1799.8668639053246
p151,1,a1_0,1799.8668639053246,30,32.72485207100592,1832.5917159763305
p151,2,a2_0,2258.014792899408,45,49.087278106508876,2307.102071005917
p151,3,a1_0,1832.5917159763305,15,16.36242603550296,1848.9541420118335
p15,2,a2_0,2307.102071005917,45,49.087278106508876,2356.189349112426
p152,1,a1_0,1848.9541420118335,30,32.72485207100592,1881.6789940828394
p152,2,a2_0,2356.189349112426,45,49.087278106508876,2405.276627218935
p152,3,a1_0,1881.6789940828394,15,16.36242603550296,1898.0414201183423
p15,3,a1_0,1898.0414201183423,15,16.36242603550296,1914.4038461538453
p16,1,a1_0,1914.4038461538453,30,32.72485207100592,1947.1286982248512
p16,2,a2_0,2405.276627218935,45,49.087278106508876,2454.363905325444
p16,3,a1_0,1947.1286982248512,15,16.36242603550296,1963.4911242603541
p17,1,a1_0,1963.4911242603541,15,16.36242603550296,1979.853550295857
p17,2,a4_0,1472.6183431952657,45,49.087278106508876,1521.7056213017745
p17,4,a2_0,2454.363905325444,30,32.72485207100592,2487.08875739645
p18,1,a1_0,1979.853550295857,15,16.36242603550296,1996.21597633136
p18,2,a4_0,1521.7056213017745,45,49.087278106508876,1570.7928994082833
p18,4,a2_0,2487.08875739645,30,32.72485207100592,2519.813609467456
p19,1,a1_0,1996.21597633136,30,32.72485207100592,2028.940828402366
p19,2,a2_0,2519.813609467456,45,49.087278106508876,2568.900887573965
p19,3,a1_0,2028.940828402366,15,16.36242603550296,2045.3032544378689
p20,1,a1_0,2045.3032544378689,15,16.36242603550296,2061.665680473372
p20,2,a4_0,1570.7928994082833,45,49.087278106508876,1619.8801775147922
p20,4,a2_0,2568.900887573965,30,32.72485207100592,2601.625739644971
p21,1,a1_0,2061.665680473372,15,16.36242603550296,2078.028106508875
p21,2,a4_0,1619.8801775147922,45,49.087278106508876,1668.967455621301
p21,4,a2_0,2601.625739644971,30,32.72485207100592,2634.350591715977
p22,1,a1_0,2078.028106508875,30,32.72485207100592,2110.752958579881
p22,2,a2_0,2634.350591715977,45,49.087278106508876,2683.437869822486
p22,3,a1_0,2110.752958579881,15,16.36242603550296,2127.1153846153843
p23,1,a1_0,2127.1153846153843,15,16.36242603550296,2143.4778106508875
p23,2,a4_0,1668.967455621301,45,49.087278106508876,1718.05473372781
p23,4,a2_0,2683.437869822486,30,32.72485207100592,2716.162721893492
p24,1,a1_0,2143.4778106508875,15,16.36242603550296,2159.8402366863907
p24,2,a4_0,1718.05473372781,45,49.087278106508876,1767.1420118343187
p24,4,a2_0,2716.162721893492,30,32.72485207100592,2748.8875739644977
p25,1,a1_0,2159.8402366863907,30,32.72485207100592,2192.5650887573966
p25,2,a2_0,2748.8875739644977,45,49.087278106508876,2797.974852071007
p25,3,a1_0,2192.5650887573966,15,16.36242603550296,2208.9275147928997
p26,1,a1_0,2208.9275147928997,30,32.72485207100592,2241.6523668639056
p26,2,a2_0,2797.974852071007,45,49.087278106508876,2847.062130177516
p26,3,a1_0,2241.6523668639056,15,16.36242603550296,2258.014792899409
p27,1,a1_0,2258.014792899409,15,16.36242603550296,2274.377218934912
p27,2,a4_0,1767.1420118343187,45,49.087278106508876,1816.2292899408276
p27,4,a2_0,2847.062130177516,30,32.72485207100592,2879.786982248522
p28,1,a1_0,2274.377218934912,30,32.72485207100592,2307.102071005918
p28,2,a2_0,2879.786982248522,45,49.087278106508876,2928.874260355031
p28,3,a1_0,2307.102071005918,15,16.36242603550296,2323.464497041421
p29,1,a1_0,2323.464497041421,30,32.72485207100592,2356.189349112427
p29,2,a2_0,2928.874260355031,45,49.087278106508876,2977.96153846154
p29,3,a1_0,2356.189349112427,15,16.36242603550296,2372.55177514793
p30,1,a1_0,2372.55177514793,30,32.72485207100592,2405.276627218936
p30,2,a2_0,2977.96153846154,45,49.087278106508876,3027.048816568049
p30,3,a1_0,2405.276627218936,15,16.36242603550296,2421.639053254439
p3,1,a1_0,2421.639053254439,15,16.36242603550296,2438.0014792899424
p31,1,a1_0,2438.0014792899424,15,16.36242603550296,2454.3639053254456
p31,2,a4_0,1816.2292899408276,45,49.087278106508876,1865.3165680473364
p31,4,a2_0,3027.048816568049,30,32.72485207100592,3059.773668639055
p3,2,a4_0,1865.3165680473364,45,49.087278106508876,1914.4038461538453
p32,1,a1_0,2454.3639053254456,15,16.36242603550296,2470.7263313609487
p32,2,a4_0,1914.4038461538453,45,49.087278106508876,1963.4911242603541
p32,4,a2_0,3059.773668639055,30,32.72485207100592,3092.498520710061
p33,1,a1_0,2470.7263313609487,15,16.36242603550296,2487.088757396452
p33,2,a4_0,1963.4911242603541,45,49.087278106508876,2012.578402366863
p33,4,a2_0,3092.498520710061,30,32.72485207100592,3125.2233727810667
p3,4,a2_0,3125.2233727810667,30,32.72485207100592,3157.9482248520726
p34,1,a1_0,2487.088757396452,15,16.36242603550296,2503.451183431955
p34,2,a4_0,2012.578402366863,45,49.087278106508876,2061.665680473372
p34,4,a2_0,3157.9482248520726,30,32.72485207100592,3190.6730769230785
p35,1,a1_0,2503.451183431955,15,16.36242603550296,2519.8136094674583
p35,2,a4_0,2061.665680473372,45,49.087278106508876,2110.752958579881
p35,4,a2_0,3190.6730769230785,30,32.72485207100592,3223.3979289940844
p36,1,a1_0,2519.8136094674583,15,16.36242603550296,2536.1760355029614
p36,2,a4_0,2110.752958579881,45,49.087278106508876,2159.84023668639
p36,4,a2_0,3223.3979289940844,30,32.72485207100592,3256.1227810650903
p37,1,a1_0,2536.1760355029614,30,32.72485207100592,2568.9008875739673
p37,2,a2_0,3256.1227810650903,45,49.087278106508876,3305.2100591715994
p37,3,a1_0,2568.9008875739673,15,16.36242603550296,2585.2633136094705
p38,1,a1_0,2585.2633136094705,15,16.36242603550296,2601.6257396449737
p38,2,a4_0,2159.84023668639,45,49.087278106508876,2208.9275147928993
p38,4,a2_0,3305.2100591715994,30,32.72485207100592,3337.9349112426053
p39,1,a1_0,2601.6257396449737,15,16.36242603550296,2617.988165680477
p39,2,a4_0,2208.9275147928993,45,49.087278106508876,2258.0147928994083
p39,4,a2_0,3337.9349112426053,30,32.72485207100592,3370.659763313611
p40,1,a1_0,2617.988165680477,15,16.36242603550296,2634.35059171598
p40,2,a4_0,2258.0147928994083,45,49.087278106508876,2307.1020710059174
p40,4,a2_0,3370.659763313611,30,32.72485207100592,3403.384615384617
p4,1,a1_0,2634.35059171598,30,32.72485207100592,2667.075443786986
p41,1,a1_0,2667.075443786986,15,16.36242603550296,2683.437869822489
p41,2,a4_0,2307.1020710059174,45,49.087278106508876,2356.1893491124265
p41,4,a2_0,3403.384615384617,30,32.72485207100592,3436.109467455623
p4,2,a2_0,3436.109467455623,45,49.087278106508876,3485.196745562132
p42,1,a1_0,2683.437869822489,15,16.36242603550296,2699.8002958579923
p42,2,a4_0,2356.1893491124265,45,49.087278106508876,2405.2766272189356
p42,4,a2_0,3485.196745562132,30,32.72485207100592,3517.921597633138
p4,3,a1_0,2699.8002958579923,15,16.36242603550296,2716.1627218934955
p43,1,a1_0,2716.1627218934955,15,16.36242603550296,2732.5251479289986
p43,2,a4_0,2405.2766272189356,45,49.087278106508876,2454.3639053254446
p43,4,a2_0,3517.921597633138,30,32.72485207100592,3550.646449704144
p44,1,a1_0,2732.5251479289986,30,32.72485207100592,2765.2500000000045
p44,2,a2_0,3550.646449704144,45,49.087278106508876,3599.733727810653
p44,3,a1_0,2765.2500000000045,15,16.36242603550296,2781.6124260355077
p45,1,a1_0,2781.6124260355077,30,32.72485207100592,2814.3372781065136
p45,2,a2_0,3599.733727810653,45,49.087278106508876,3648.821005917162
p45,3,a1_0,2814.3372781065136,15,16.36242603550296,2830.699704142017
p46,1,a1_0,2830.699704142017,30,32.72485207100592,2863.4245562130227
p46,2,a2_0,3648.821005917162,45,49.087278106508876,3697.908284023671
p46,3,a1_0,2863.4245562130227,15,16.36242603550296,2879.786982248526
p47,1,a1_0,2879.786982248526,30,32.72485207100592,2912.5118343195318
p47,2,a2_0,3697.908284023671,45,49.087278106508876,3746.99556213018
p47,3,a1_0,2912.5118343195318,15,16.36242603550296,2928.874260355035
p48,1,a1_0,2928.874260355035,30,32.72485207100592,2961.599112426041
p48,2,a2_0,3746.99556213018,45,49.087278106508876,3796.082840236689
p48,3,a1_0,2961.599112426041,15,16.36242603550296,2977.961538461544
p49,1,a1_0,2977.961538461544,30,32.72485207100592,3010.68639053255
p49,2,a2_0,3796.082840236689,45,49.087278106508876,3845.1701183431983
p49,3,a1_0,3010.68639053255,15,16.36242603550296,3027.048816568053
p50,1,a1_0,3027.048816568053,30,32.72485207100592,3059.773668639059
p50,2,a2_0,3845.1701183431983,45,49.087278106508876,3894.2573964497074
p50,3,a1_0,3059.773668639059,15,16.36242603550296,3076.136094674562
p5,1,a1_0,3076.136094674562,30,32.72485207100592,3108.860946745568
p51,1,a1_0,3108.860946745568,15,16.36242603550296,3125.2233727810712
p51,2,a4_0,2454.3639053254446,45,49.087278106508876,2503.4511834319537
p51,4,a2_0,3894.2573964497074,30,32.72485207100592,3926.9822485207133
p5,2,a2_0,3926.9822485207133,45,49.087278106508876,3976.0695266272223
p52,1,a1_0,3125.2233727810712,30,32.72485207100592,3157.948224852077
p52,2,a2_0,3976.0695266272223,45,49.087278106508876,4025.1568047337314
p52,3,a1_0,3157.948224852077,15,16.36242603550296,3174.3106508875803
p5,3,a1_0,3174.3106508875803,15,16.36242603550296,3190.6730769230835
p53,1,a1_0,3190.6730769230835,30,32.72485207100592,3223.3979289940894
p53,2,a2_0,4025.1568047337314,45,49.087278106508876,4074.2440828402405
p53,3,a1_0,3223.3979289940894,15,16.36242603550296,3239.7603550295926
p54,1,a1_0,3239.7603550295926,30,32.72485207100592,3272.4852071005985
p54,2,a2_0,4074.2440828402405,45,49.087278106508876,4123.33136094675
p54,3,a1_0,3272.4852071005985,15,16.36242603550296,3288.8476331361016
p55,1,a1_0,3288.8476331361016,30,32.72485207100592,3321.5724852071075
p55,2,a2_0,4123.33136094675,45,49.087278106508876,4172.418639053259
p55,3,a1_0,3321.5724852071075,15,16.36242603550296,3337.9349112426107
p56,1,a1_0,3337.9349112426107,15,16.36242603550296,3354.297337278114
p56,2,a4_0,2503.4511834319537,45,49.087278106508876,2552.538461538463
p56,4,a2_0,4172.418639053259,30,32.72485207100592,4205.143491124265
p57,1,a1_0,3354.297337278114,15,16.36242603550296,3370.659763313617
p57,2,a4_0,2552.538461538463,45,49.087278106508876,2601.625739644972
p57,4,a2_0,4205.143491124265,30,32.72485207100592,4237.868343195271
p58,1,a1_0,3370.659763313617,15,16.36242603550296,3387.0221893491203
p58,2,a4_0,2601.625739644972,45,49.087278106508876,2650.713017751481
p58,4,a2_0,4237.868343195271,30,32.72485207100592,4270.593195266278
p59,1,a1_0,3387.0221893491203,30,32.72485207100592,3419.747041420126
p59,2,a2_0,4270.593195266278,45,49.087278106508876,4319.680473372787
p59,3,a1_0,3419.747041420126,15,16.36242603550296,3436.1094674556293
p60,1,a1_0,3436.1094674556293,15,16.36242603550296,3452.4718934911325
p60,2,a4_0,2650.713017751481,45,49.087278106508876,2699.80029585799
p60,4,a2_0,4319.680473372787,30,32.72485207100592,4352.405325443793
p6,1,a1_0,3452.4718934911325,30,32.72485207100592,3485.1967455621384
p61,1,a1_0,3485.1967455621384,30,32.72485207100592,3517.9215976331443
p61,2,a2_0,4352.405325443793,45,49.087278106508876,4401.492603550302
p61,3,a1_0,3517.9215976331443,15,16.36242603550296,3534.2840236686475
p6,2,a2_0,4401.492603550302,45,49.087278106508876,4450.579881656811
p62,1,a1_0,3534.2840236686475,30,32.72485207100592,3567.0088757396534
p62,2,a2_0,4450.579881656811,45,49.087278106508876,4499.66715976332
p62,3,a1_0,3567.0088757396534,15,16.36242603550296,3583.3713017751566
p6,3,a1_0,3583.3713017751566,15,16.36242603550296,3599.7337278106597
p63,1,a1_0,3599.7337278106597,15,16.36242603550296,3616.096153846163
p63,2,a4_0,2699.80029585799,45,49.087278106508876,2748.887573964499
p63,4,a2_0,4499.66715976332,30,32.72485207100592,4532.392011834327
p64,1,a1_0,3616.096153846163,15,16.36242603550296,3632.458579881666
p64,2,a4_0,2748.887573964499,45,49.087278106508876,2797.974852071008
p64,4,a2_0,4532.392011834327,30,32.72485207100592,4565.116863905333
p65,1,a1_0,3632.458579881666,15,16.36242603550296,3648.8210059171693
p65,2,a4_0,2797.974852071008,45,49.087278106508876,2847.0621301775172
p65,4,a2_0,4565.116863905333,30,32.72485207100592,4597.841715976339
p66,1,a1_0,3648.8210059171693,15,16.36242603550296,3665.1834319526724
p66,2,a4_0,2847.0621301775172,45,49.087278106508876,2896.1494082840263
p66,4,a2_0,4597.841715976339,30,32.72485207100592,4630.566568047346
p67,1,a1_0,3665.1834319526724,15,16.36242603550296,3681.5458579881756
p67,2,a4_0,2896.1494082840263,45,49.087278106508876,2945.2366863905354
p67,4,a2_0,4630.566568047346,30,32.72485207100592,4663.291420118352
p68,1,a1_0,3681.5458579881756,15,16.36242603550296,3697.908284023679
p68,2,a4_0,2945.2366863905354,45,49.087278106508876,2994.3239644970445
p68,4,a2_0,4663.291420118352,30,32.72485207100592,4696.0162721893585
p69,1,a1_0,3697.908284023679,30,32.72485207100592,3730.6331360946847
p69,2,a2_0,4696.0162721893585,45,49.087278106508876,4745.1035502958675
p69,3,a1_0,3730.6331360946847,15,16.36242603550296,3746.995562130188
p70,1,a1_0,3746.995562130188,30,32.72485207100592,3779.7204142011938
p70,2,a2_0,4745.1035502958675,45,49.087278106508876,4794.190828402377
p70,3,a1_0,3779.7204142011938,15,16.36242603550296,3796.082840236697
p7,1,a1_0,3796.082840236697,15,16.36242603550296,3812.4452662722
p71,1,a1_0,3812.4452662722,30,32.72485207100592,3845.170118343206
p71,2,a2_0,4794.190828402377,45,49.087278106508876,4843.278106508886
p71,3,a1_0,3845.170118343206,15,16.36242603550296,3861.532544378709
p7,2,a4_0,2994.3239644970445,45,49.087278106508876,3043.4112426035535
p72,1,a1_0,3861.532544378709,30,32.72485207100592,3894.257396449715
p72,2,a2_0,4843.278106508886,45,49.087278106508876,4892.365384615395
p72,3,a1_0,3894.257396449715,15,16.36242603550296,3910.6198224852183
p73,1,a1_0,3910.6198224852183,30,32.72485207100592,3943.344674556224
p73,2,a2_0,4892.365384615395,45,49.087278106508876,4941.452662721904
p73,3,a1_0,3943.344674556224,15,16.36242603550296,3959.7071005917273
p7,4,a2_0,4941.452662721904,30,32.72485207100592,4974.17751479291
p74,1,a1_0,3959.7071005917273,15,16.36242603550296,3976.0695266272305
p74,2,a4_0,3043.4112426035535,45,49.087278106508876,3092.4985207100626
p74,4,a2_0,4974.17751479291,30,32.72485207100592,5006.9023668639165
p75,1,a1_0,3976.0695266272305,15,16.36242603550296,3992.4319526627337
p75,2,a4_0,3092.4985207100626,45,49.087278106508876,3141.5857988165717
p75,4,a2_0,5006.9023668639165,30,32.72485207100592,5039.627218934923
p76,1,a1_0,3992.4319526627337,30,32.72485207100592,4025.1568047337396
p76,2,a2_0,5039.627218934923,45,49.087278106508876,5088.714497041432
p76,3,a1_0,4025.1568047337396,15,16.36242603550296,4041.5192307692428
p77,1,a1_0,4041.5192307692428,15,16.36242603550296,4057.881656804746
p77,2,a4_0,3141.5857988165717,45,49.087278106508876,3190.6730769230808
p77,4,a2_0,5088.714497041432,30,32.72485207100592,5121.439349112438
p78,1,a1_0,4057.881656804746,30,32.72485207100592,4090.606508875752
p78,2,a2_0,5121.439349112438,45,49.087278106508876,5170.526627218947
p78,3,a1_0,4090.606508875752,15,16.36242603550296,4106.968934911255
p79,1,a1_0,4106.968934911255,15,16.36242603550296,4123.331360946758
p79,2,a4_0,3190.6730769230808,45,49.087278106508876,3239.76035502959
p79,4,a2_0,5170.526627218947,30,32.72485207100592,5203.251479289954
p80,1,a1_0,4123.331360946758,30,32.72485207100592,4156.056213017764
p80,2,a2_0,5203.251479289954,45,49.087278106508876,5252.338757396463
p80,3,a1_0,4156.056213017764,15,16.36242603550296,4172.418639053267
p8,1,a1_0,4172.418639053267,15,16.36242603550296,4188.7810650887695
p81,1,a1_0,4188.7810650887695,30,32.72485207100592,4221.505917159776
p81,2,a2_0,5252.338757396463,45,49.087278106508876,5301.426035502972
p81,3,a1_0,4221.505917159776,15,16.36242603550296,4237.868343195279
p8,2,a4_0,3239.76035502959,45,49.087278106508876,3288.847633136099
p82,1,a1_0,4237.868343195279,30,32.72485207100592,4270.593195266285
p82,2,a2_0,5301.426035502972,45,49.087278106508876,5350.513313609481
p82,3,a1_0,4270.593195266285,15,16.36242603550296,4286.955621301788
p83,1,a1_0,4286.955621301788,15,16.36242603550296,4303.31804733729
p83,2,a4_0,3288.847633136099,45,49.087278106508876,3337.934911242608
p83,4,a2_0,5350.513313609481,30,32.72485207100592,5383.238165680487
p8,4,a2_0,5383.238165680487,30,32.72485207100592,5415.963017751494
p84,1,a1_0,4303.31804733729,30,32.72485207100592,4336.042899408297
p84,2,a2_0,5415.963017751494,45,49.087278106508876,5465.050295858003
p84,3,a1_0,4336.042899408297,15,16.36242603550296,4352.4053254437995
p85,1,a1_0,4352.4053254437995,15,16.36242603550296,4368.767751479302
p85,2,a4_0,3337.934911242608,45,49.087278106508876,3387.022189349117
p85,4,a2_0,5465.050295858003,30,32.72485207100592,5497.775147929009
p86,1,a1_0,4368.767751479302,15,16.36242603550296,4385.130177514805
p86,2,a4_0,3387.022189349117,45,49.087278106508876,3436.109467455626
p86,4,a2_0,5497.775147929009,30,32.72485207100592,5530.5000000000155
p87,1,a1_0,4385.130177514805,30,32.72485207100592,4417.855029585811
p87,2,a2_0,5530.5000000000155,45,49.087278106508876,5579.5872781065245
p87,3,a1_0,4417.855029585811,15,16.36242603550296,4434.217455621314
p88,1,a1_0,4434.217455621314,30,32.72485207100592,4466.94230769232
p88,2,a2_0,5579.5872781065245,45,49.087278106508876,5628.674556213034
p88,3,a1_0,4466.94230769232,15,16.36242603550296,4483.304733727823
p89,1,a1_0,4483.304733727823,15,16.36242603550296,4499.667159763326
p89,2,a4_0,3436.109467455626,45,49.087278106508876,3485.196745562135
p89,4,a2_0,5628.674556213034,30,32.72485207100592,5661.39940828404
p90,1,a1_0,4499.667159763326,15,16.36242603550296,4516.0295857988285
p90,2,a4_0,3485.196745562135,45,49.087278106508876,3534.2840236686443
p90,4,a2_0,5661.39940828404,30,32.72485207100592,5694.124260355046
p9,1,a1_0,4516.0295857988285,15,16.36242603550296,4532.392011834331
p91,1,a1_0,4532.392011834331,30,32.72485207100592,4565.116863905338
p91,2,a2_0,5694.124260355046,45,49.087278106508876,5743.211538461555
p91,3,a1_0,4565.116863905338,15,16.36242603550296,4581.47928994084
p9,2,a4_0,3534.2840236686443,45,49.087278106508876,3583.3713017751534
p92,1,a1_0,4581.47928994084,30,32.72485207100592,4614.204142011847
p92,2,a2_0,5743.211538461555,45,49.087278106508876,5792.2988165680645
p92,3,a1_0,4614.204142011847,15,16.36242603550296,4630.566568047349
p93,1,a1_0,4630.566568047349,30,32.72485207100592,4663.291420118356
p93,2,a2_0,5792.2988165680645,45,49.087278106508876,5841.3860946745735
p93,3,a1_0,4663.291420118356,15,16.36242603550296,4679.6538461538585
p9,4,a2_0,5841.3860946745735,30,32.72485207100592,5874.11094674558
p94,1,a1_0,4679.6538461538585,15,16.36242603550296,4696.016272189361
p94,2,a4_0,3583.3713017751534,45,49.087278106508876,3632.4585798816624
p94,4,a2_0,5874.11094674558,30,32.72485207100592,5906.835798816586
p95,1,a1_0,4696.016272189361,15,16.36242603550296,4712.378698224864
p95,2,a4_0,3632.4585798816624,45,49.087278106508876,3681.5458579881715
p95,4,a2_0,5906.835798816586,30,32.72485207100592,5939.560650887593
p96,1,a1_0,4712.378698224864,30,32.72485207100592,4745.10355029587
p96,2,a2_0,5939.560650887593,45,49.087278106508876,5988.647928994102
p96,3,a1_0,4745.10355029587,15,16.36242603550296,4761.465976331373
p97,1,a1_0,4761.465976331373,30,32.72485207100592,4794.190828402379
p97,2,a2_0,5988.647928994102,45,49.087278106508876,6037.735207100611
p97,3,a1_0,4794.190828402379,15,16.36242603550296,4810.553254437882
p98,1,a1_0,4810.553254437882,30,32.72485207100592,4843.278106508888
p98,2,a2_0,6037.735207100611,45,49.087278106508876,6086.82248520712
p98,3,a1_0,4843.278106508888,15,16.36242603550296,4859.640532544391
p99,1,a1_0,4859.640532544391,15,16.36242603550296,4876.002958579894
p99,2,a4_0,3681.5458579881715,45,49.087278106508876,3730.6331360946806
p99,4,a2_0,6086.82248520712,30,32.72485207100592,6119.547337278126
p100,3,a3_0,49.087278106508876,15,16.36242603550296,65.44970414201184
p100,5,a4_0,3730.6331360946806,15,16.36242603550296,3746.9955621301838
p101,3,a3_0,98.17455621301775,15,16.36242603550296,114.53698224852072
p10,4,a3_0,114.53698224852072,15,16.36242603550296,130.89940828402368
p101,5,a4_0,3746.9955621301838,15,16.36242603550296,3763.357988165687
p102,3,a3_0,147.26183431952663,15,16.36242603550296,163.62426035502958
p102,5,a4_0,3763.357988165687,15,16.36242603550296,3779.72041420119
p103,4,a3_0,196.3491124260355,15,16.36242603550296,212.71153846153845
p104,3,a3_0,212.71153846153845,15,16.36242603550296,229.0739644970414
p105,3,a3_0,245.43639053254438,15,16.36242603550296,261.79881656804736
p104,5,a4_0,3779.72041420119,15,16.36242603550296,3796.0828402366933
p105,5,a4_0,3796.0828402366933,15,16.36242603550296,3812.4452662721965
p106,3,a3_0,294.52366863905326,15,16.36242603550296,310.8860946745562
p106,5,a4_0,3812.4452662721965,15,16.36242603550296,3828.8076923076997
p107,4,a3_0,343.61094674556216,15,16.36242603550296,359.9733727810651
p108,3,a3_0,359.9733727810651,15,16.36242603550296,376.33579881656806
p108,5,a4_0,3828.8076923076997,15,16.36242603550296,3845.170118343203
p109,4,a3_0,425.4230769230769,15,16.36242603550296,441.78550295857985
p110,4,a3_0,474.51035502958575,15,16.36242603550296,490.8727810650887
p112,3,a3_0,490.8727810650887,15,16.36242603550296,507.23520710059165
p113,3,a3_0,507.23520710059165,15,16.36242603550296,523.5976331360946
p111,4,a3_0,523.5976331360946,15,16.36242603550296,539.9600591715975
p11,4,a3_0,572.6849112426034,15,16.36242603550296,589.0473372781064
p115,3,a3_0,589.0473372781064,15,16.36242603550296,605.4097633136093
p112,5,a4_0,3845.170118343203,15,16.36242603550296,3861.532544378706
p117,3,a3_0,621.7721893491122,15,16.36242603550296,638.1346153846151
p113,5,a4_0,3861.532544378706,15,16.36242603550296,3877.894970414209
p118,3,a3_0,638.1346153846151,15,16.36242603550296,654.4970414201181
p114,4,a3_0,687.2218934911241,15,16.36242603550296,703.584319526627
p120,3,a3_0,703.584319526627,15,16.36242603550296,719.94674556213
p115,5,a4_0,3877.894970414209,15,16.36242603550296,3894.2573964497124
p116,4,a3_0,769.0340236686388,15,16.36242603550296,785.3964497041418
p121,3,a3_0,785.3964497041418,15,16.36242603550296,801.7588757396447
p117,5,a4_0,3894.2573964497124,15,16.36242603550296,3910.6198224852155
p118,5,a4_0,3910.6198224852155,15,16.36242603550296,3926.9822485207187
p123,3,a3_0,834.4837278106505,15,16.36242603550296,850.8461538461535
p124,3,a3_0,850.8461538461535,15,16.36242603550296,867.2085798816564
p119,4,a3_0,883.5710059171595,15,16.36242603550296,899.9334319526624
p125,3,a3_0,899.9334319526624,15,16.36242603550296,916.2958579881654
p126,3,a3_0,916.2958579881654,15,16.36242603550296,932.6582840236683
p120,5,a4_0,3926.9822485207187,15,16.36242603550296,3943.344674556222
p121,5,a4_0,3943.344674556222,15,16.36242603550296,3959.707100591725
p12,4,a3_0,998.1079881656801,15,16.36242603550296,1014.4704142011831
p122,4,a3_0,1047.195266272189,15,16.36242603550296,1063.557692307692
p130,3,a3_0,1063.557692307692,15,16.36242603550296,1079.9201183431949
p123,5,a4_0,3959.707100591725,15,16.36242603550296,3976.0695266272282
p124,5,a4_0,3976.0695266272282,15,16.36242603550296,3992.4319526627314
p131,3,a3_0,1096.2825443786978,15,16.36242603550296,1112.6449704142008
p132,3,a3_0,1112.6449704142008,15,16.36242603550296,1129.0073964497037
p125,5,a4_0,3992.4319526627314,15,16.36242603550296,4008.7943786982346
p126,5,a4_0,4008.7943786982346,15,16.36242603550296,4025.1568047337378
p127,4,a3_0,1227.1819526627214,15,16.36242603550296,1243.5443786982244
p128,4,a3_0,1276.2692307692303,15,16.36242603550296,1292.6316568047332
p135,3,a3_0,1292.6316568047332,15,16.36242603550296,1308.9940828402362
p136,3,a3_0,1308.9940828402362,15,16.36242603550296,1325.356508875739
p129,4,a3_0,1325.356508875739,15,16.36242603550296,1341.718934911242
p130,5,a4_0,4025.1568047337378,15,16.36242603550296,4041.519230769241
p131,5,a4_0,4041.519230769241,15,16.36242603550296,4057.881656804744
p13,4,a3_0,1439.8934911242598,15,16.36242603550296,1456.2559171597627
p140,3,a3_0,1456.2559171597627,15,16.36242603550296,1472.6183431952657
p14,3,a3_0,1472.6183431952657,15,16.36242603550296,1488.9807692307686
p132,5,a4_0,4057.881656804744,15,16.36242603550296,4074.2440828402473
p141,3,a3_0,1488.9807692307686,15,16.36242603550296,1505.3431952662716
p133,4,a3_0,1521.7056213017745,15,16.36242603550296,1538.0680473372774
p134,4,a3_0,1570.7928994082833,15,16.36242603550296,1587.1553254437863
p144,3,a3_0,1587.1553254437863,15,16.36242603550296,1603.5177514792892
p135,5,a4_0,4074.2440828402473,15,16.36242603550296,4090.6065088757505
p136,5,a4_0,4090.6065088757505,15,16.36242603550296,4106.968934911253
p146,3,a3_0,1636.2426035502951,15,16.36242603550296,1652.605029585798
p137,4,a3_0,1685.329881656804,15,16.36242603550296,1701.692307692307
p138,4,a3_0,1734.4171597633128,15,16.36242603550296,1750.7795857988158
p139,4,a3_0,1783.5044378698217,15,16.36242603550296,1799.8668639053246
p149,3,a3_0,1799.8668639053246,15,16.36242603550296,1816.2292899408276
p150,3,a3_0,1816.2292899408276,15,16.36242603550296,1832.5917159763305
p140,5,a4_0,4106.968934911253,15,16.36242603550296,4123.331360946756
p141,5,a4_0,4123.331360946756,15,16.36242603550296,4139.693786982259
p142,4,a3_0,1898.0414201183423,15,16.36242603550296,1914.4038461538453
p143,4,a3_0,1947.1286982248512,15,16.36242603550296,1963.4911242603541
p14,5,a4_0,4139.693786982259,15,16.36242603550296,4156.056213017761
p17,3,a3_0,1979.853550295857,15,16.36242603550296,1996.21597633136
p144,5,a4_0,4156.056213017761,15,16.36242603550296,4172.418639053264
p18,3,a3_0,1996.21597633136,15,16.36242603550296,2012.578402366863
p145,4,a3_0,2061.665680473372,15,16.36242603550296,2078.028106508875
p20,3,a3_0,2078.028106508875,15,16.36242603550296,2094.3905325443784
p146,5,a4_0,4172.418639053264,15,16.36242603550296,4188.781065088767
p21,3,a3_0,2094.3905325443784,15,16.36242603550296,2110.7529585798816
p147,4,a3_0,2143.477810650887,15,16.36242603550296,2159.84023668639
p23,3,a3_0,2159.84023668639,15,16.36242603550296,2176.2026627218934
p148,4,a3_0,2192.565088757396,15,16.36242603550296,2208.9275147928993
p24,3,a3_0,2208.9275147928993,15,16.36242603550296,2225.2899408284025
p149,5,a4_0,4188.781065088767,15,16.36242603550296,4205.1434911242695
p150,5,a4_0,4205.1434911242695,15,16.36242603550296,4221.505917159772
p151,4,a3_0,2307.102071005917,15,16.36242603550296,2323.46449704142
p27,3,a3_0,2323.46449704142,15,16.36242603550296,2339.8269230769233
p15,4,a3_0,2356.189349112426,15,16.36242603550296,2372.551775147929
p152,4,a3_0,2405.276627218935,15,16.36242603550296,2421.6390532544383
p16,4,a3_0,2454.363905325444,15,16.36242603550296,2470.7263313609474
p3,3,a3_0,2470.7263313609474,15,16.36242603550296,2487.0887573964505
p31,3,a3_0,2487.0887573964505,15,16.36242603550296,2503.4511834319537
p17,5,a4_0,4221.505917159772,15,16.36242603550296,4237.868343195275
p32,3,a3_0,2503.4511834319537,15,16.36242603550296,2519.813609467457
p33,3,a3_0,2519.813609467457,15,16.36242603550296,2536.17603550296
p18,5,a4_0,4237.868343195275,15,16.36242603550296,4254.230769230778
p34,3,a3_0,2536.17603550296,15,16.36242603550296,2552.5384615384633
p35,3,a3_0,2552.5384615384633,15,16.36242603550296,2568.9008875739664
p19,4,a3_0,2568.9008875739664,15,16.36242603550296,2585.2633136094696
p36,3,a3_0,2585.2633136094696,15,16.36242603550296,2601.625739644973
p20,5,a4_0,4254.230769230778,15,16.36242603550296,4270.59319526628
p38,3,a3_0,2601.6257396449737,15,16.36242603550296,2617.988165680477
p21,5,a4_0,4270.59319526628,15,16.36242603550296,4286.955621301783
p39,3,a3_0,2617.988165680477,15,16.36242603550296,2634.35059171598
p40,3,a3_0,2634.35059171598,15,16.36242603550296,2650.713017751483
p22,4,a3_0,2683.437869822486,15,16.36242603550296,2699.800295857989
p41,3,a3_0,2699.800295857989,15,16.36242603550296,2716.1627218934923
p23,5,a4_0,4286.955621301783,15,16.36242603550296,4303.318047337286
p42,3,a3_0,2716.1627218934923,15,16.36242603550296,2732.5251479289955
p24,5,a4_0,4303.318047337286,15,16.36242603550296,4319.680473372789
p43,3,a3_0,2732.5251479289986,15,16.36242603550296,2748.887573964502
p25,4,a3_0,2797.974852071007,15,16.36242603550296,2814.33727810651
p26,4,a3_0,2847.062130177516,15,16.36242603550296,2863.424556213019
p27,5,a4_0,4319.680473372789,15,16.36242603550296,4336.042899408291
p28,4,a3_0,2928.874260355031,15,16.36242603550296,2945.236686390534
p29,4,a3_0,2977.96153846154,15,16.36242603550296,2994.323964497043
p30,4,a3_0,3027.048816568049,15,16.36242603550296,3043.411242603552
p31,5,a4_0,4336.042899408291,15,16.36242603550296,4352.405325443794
p32,5,a4_0,4352.405325443794,15,16.36242603550296,4368.767751479297
p33,5,a4_0,4368.767751479297,15,16.36242603550296,4385.1301775147995
p51,3,a3_0,3125.2233727810712,15,16.36242603550296,3141.5857988165744
p3,5,a4_0,4385.1301775147995,15,16.36242603550296,4401.492603550302
p34,5,a4_0,4401.492603550302,15,16.36242603550296,4417.855029585805
p35,5,a4_0,4417.855029585805,15,16.36242603550296,4434.217455621308
p36,5,a4_0,4434.217455621308,15,16.36242603550296,4450.57988165681
p37,4,a3_0,3305.2100591715994,15,16.36242603550296,3321.5724852071025
p38,5,a4_0,4450.57988165681,15,16.36242603550296,4466.942307692313
p39,5,a4_0,4466.942307692313,15,16.36242603550296,4483.304733727816
p56,3,a3_0,3354.297337278114,15,16.36242603550296,3370.659763313617
p57,3,a3_0,3370.659763313617,15,16.36242603550296,3387.0221893491203
p40,5,a4_0,4483.304733727816,15,16.36242603550296,4499.6671597633185
p58,3,a3_0,3387.0221893491203,15,16.36242603550296,3403.3846153846234
p41,5,a4_0,4499.6671597633185,15,16.36242603550296,4516.029585798821
p4,4,a3_0,3485.196745562132,15,16.36242603550296,3501.559171597635
p60,3,a3_0,3501.559171597635,15,16.36242603550296,3517.9215976331384
p42,5,a4_0,4516.029585798821,15,16.36242603550296,4532.392011834324
p43,5,a4_0,4532.392011834324,15,16.36242603550296,4548.754437869827
p44,4,a3_0,3599.733727810653,15,16.36242603550296,3616.096153846156
p45,4,a3_0,3648.821005917162,15,16.36242603550296,3665.183431952665
p63,3,a3_0,3665.183431952665,15,16.36242603550296,3681.5458579881683
p64,3,a3_0,3681.5458579881683,15,16.36242603550296,3697.9082840236715
p65,3,a3_0,3697.9082840236715,15,16.36242603550296,3714.2707100591747
p46,4,a3_0,3714.2707100591747,15,16.36242603550296,3730.633136094678
p66,3,a3_0,3730.633136094678,15,16.36242603550296,3746.995562130181
p67,3,a3_0,3746.995562130181,15,16.36242603550296,3763.357988165684
p68,3,a3_0,3763.357988165684,15,16.36242603550296,3779.7204142011874
p47,4,a3_0,3779.7204142011874,15,16.36242603550296,3796.0828402366906
p48,4,a3_0,3796.0828402366906,15,16.36242603550296,3812.4452662721937
p49,4,a3_0,3845.1701183431983,15,16.36242603550296,3861.5325443787015
p7,3,a3_0,3861.5325443787015,15,16.36242603550296,3877.8949704142046
p50,4,a3_0,3894.2573964497074,15,16.36242603550296,3910.6198224852105
p51,5,a4_0,4548.754437869827,15,16.36242603550296,4565.116863905329
p5,4,a3_0,3976.0695266272223,15,16.36242603550296,3992.4319526627255
p74,3,a3_0,3992.4319526627255,15,16.36242603550296,4008.7943786982287
p52,4,a3_0,4025.1568047337314,15,16.36242603550296,4041.5192307692346
p75,3,a3_0,4041.5192307692346,15,16.36242603550296,4057.8816568047378
p53,4,a3_0,4074.2440828402405,15,16.36242603550296,4090.6065088757437
p77,3,a3_0,4090.6065088757437,15,16.36242603550296,4106.968934911247
p54,4,a3_0,4123.33136094675,15,16.36242603550296,4139.693786982252
p79,3,a3_0,4139.693786982252,15,16.36242603550296,4156.056213017755
p55,4,a3_0,4172.418639053259,15,16.36242603550296,4188.781065088761
p56,5,a4_0,4565.116863905329,15,16.36242603550296,4581.479289940832
p8,3,a3_0,4188.7810650887695,15,16.36242603550296,4205.143491124272
p57,5,a4_0,4581.479289940832,15,16.36242603550296,4597.841715976335
p58,5,a4_0,4597.841715976335,15,16.36242603550296,4614.204142011838
p59,4,a3_0,4319.680473372787,15,16.36242603550296,4336.0428994082895
p83,3,a3_0,4336.0428994082895,15,16.36242603550296,4352.405325443792
p60,5,a4_0,4614.204142011838,15,16.36242603550296,4630.56656804734
p61,4,a3_0,4401.492603550302,15,16.36242603550296,4417.855029585805
p85,3,a3_0,4417.855029585805,15,16.36242603550296,4434.217455621308
p86,3,a3_0,4434.217455621308,15,16.36242603550296,4450.57988165681
p6,4,a3_0,4450.579881656811,15,16.36242603550296,4466.942307692314
p62,4,a3_0,4499.66715976332,15,16.36242603550296,4516.029585798823
p89,3,a3_0,4516.029585798823,15,16.36242603550296,4532.392011834326
p63,5,a4_0,4630.56656804734,15,16.36242603550296,4646.928994082843
p90,3,a3_0,4532.392011834326,15,16.36242603550296,4548.7544378698285
p9,3,a3_0,4548.7544378698285,15,16.36242603550296,4565.116863905331
p64,5,a4_0,4646.928994082843,15,16.36242603550296,4663.291420118346
p65,5,a4_0,4663.291420118346,15,16.36242603550296,4679.6538461538485
p66,5,a4_0,4679.6538461538485,15,16.36242603550296,4696.016272189351
p67,5,a4_0,4696.016272189351,15,16.36242603550296,4712.378698224854
p68,5,a4_0,4712.378698224854,15,16.36242603550296,4728.741124260357
p94,3,a3_0,4696.016272189361,15,16.36242603550296,4712.378698224864
p69,4,a3_0,4745.1035502958675,15,16.36242603550296,4761.46597633137
p95,3,a3_0,4761.46597633137,15,16.36242603550296,4777.828402366873
p70,4,a3_0,4794.190828402377,15,16.36242603550296,4810.553254437879
p71,4,a3_0,4843.278106508886,15,16.36242603550296,4859.640532544388
p72,4,a3_0,4892.365384615395,15,16.36242603550296,4908.7278106508975
p99,3,a3_0,4908.7278106508975,15,16.36242603550296,4925.0902366864
p73,4,a3_0,4941.452662721904,15,16.36242603550296,4957.815088757407
p7,5,a4_0,4974.17751479291,15,16.36242603550296,4990.539940828413
p74,5,a4_0,5006.9023668639165,15,16.36242603550296,5023.264792899419
p75,5,a4_0,5039.627218934923,15,16.36242603550296,5055.989644970426
p76,4,a3_0,5088.714497041432,15,16.36242603550296,5105.076923076935
p77,5,a4_0,5121.439349112438,15,16.36242603550296,5137.801775147941
p78,4,a3_0,5170.526627218947,15,16.36242603550296,5186.88905325445
p79,5,a4_0,5203.251479289954,15,16.36242603550296,5219.6139053254565
p80,4,a3_0,5252.338757396463,15,16.36242603550296,5268.701183431966
p81,4,a3_0,5301.426035502972,15,16.36242603550296,5317.788461538475
p82,4,a3_0,5350.513313609481,15,16.36242603550296,5366.875739644984
p83,5,a4_0,5383.238165680487,15,16.36242603550296,5399.60059171599
p8,5,a4_0,5415.963017751494,15,16.36242603550296,5432.325443786996
p84,4,a3_0,5465.050295858003,15,16.36242603550296,5481.4127218935055
p85,5,a4_0,5497.775147929009,15,16.36242603550296,5514.137573964512
p86,5,a4_0,5530.5000000000155,15,16.36242603550296,5546.862426035518
p87,4,a3_0,5579.5872781065245,15,16.36242603550296,5595.949704142027
p88,4,a3_0,5628.674556213034,15,16.36242603550296,5645.036982248536
p89,5,a4_0,5661.39940828404,15,16.36242603550296,5677.761834319543
p90,5,a4_0,5694.124260355046,15,16.36242603550296,5710.486686390549
p91,4,a3_0,5743.211538461555,15,16.36242603550296,5759.573964497058
p92,4,a3_0,5792.2988165680645,15,16.36242603550296,5808.661242603567
p93,4,a3_0,5841.3860946745735,15,16.36242603550296,5857.748520710076
p9,5,a4_0,5874.11094674558,15,16.36242603550296,5890.473372781083
p94,5,a4_0,5906.835798816586,15,16.36242603550296,5923.198224852089
p95,5,a4_0,5939.560650887593,15,16.36242603550296,5955.923076923095
p96,4,a3_0,5988.647928994102,15,16.36242603550296,6005.010355029604
p97,4,a3_0,6037.735207100611,15,16.36242603550296,6054.0976331361135
p98,4,a3_0,6086.82248520712,15,16.36242603550296,6103.184911242623
p99,5,a4_0,6119.547337278126,15,16.36242603550296,6135.909763313629
