job_id,operation_id,machine,start_time,duration,plan_duration,end_time
p100,1,a1_0,0.0,30,32.95384615384616,32.95384615384616
p100,2,a2_0,0.0,45,49.430769230769236,49.430769230769236
p100,3,a1_0,32.95384615384616,15,16.47692307692308,49.430769230769236
p10,1,a1_0,49.430769230769236,30,32.95384615384616,82.38461538461539
p101,1,a1_0,82.38461538461539,30,32.95384615384616,115.33846153846154
p101,2,a2_0,49.430769230769236,45,49.430769230769236,98.86153846153847
p101,3,a1_0,115.33846153846154,15,16.47692307692308,131.81538461538463
p10,2,a2_0,98.86153846153847,45,49.430769230769236,148.2923076923077
p102,1,a1_0,131.81538461538463,30,32.95384615384616,164.76923076923077
p102,2,a2_0,148.2923076923077,45,49.430769230769236,197.72307692307695
p102,3,a1_0,164.76923076923077,15,16.47692307692308,181.24615384615385
p10,3,a1_0,181.24615384615385,15,16.47692307692308,197.72307692307692
p103,1,a1_0,197.72307692307692,30,32.95384615384616,230.67692307692306
p103,2,a2_0,197.72307692307695,45,49.430769230769236,247.1538461538462
p103,3,a1_0,230.67692307692306,15,16.47692307692308,247.15384615384613
p104,1,a1_0,247.15384615384613,15,16.47692307692308,263.6307692307692
p104,2,a4_0,0.0,45,49.430769230769236,49.430769230769236
p104,4,a2_0,247.1538461538462,30,32.95384615384616,280.10769230769233
p105,1,a1_0,263.6307692307692,30,32.95384615384616,296.58461538461535
p105,2,a2_0,280.10769230769233,45,49.430769230769236,329.53846153846155
p105,3,a1_0,296.58461538461535,15,16.47692307692308,313.0615384615384
p106,1,a1_0,313.0615384615384,15,16.47692307692308,329.5384615384615
p106,2,a4_0,49.430769230769236,45,49.430769230769236,98.86153846153847
p106,4,a2_0,329.53846153846155,30,32.95384615384616,362.4923076923077
p107,1,a1_0,329.5384615384615,30,32.95384615384616,362.49230769230763
p107,2,a2_0,362.4923076923077,45,49.430769230769236,411.9230769230769
p107,3,a1_0,362.49230769230763,15,16.47692307692308,378.9692307692307
p108,1,a1_0,378.9692307692307,15,16.47692307692308,395.4461538461538
p108,2,a4_0,98.86153846153847,45,49.430769230769236,148.2923076923077
p108,4,a2_0,411.9230769230769,30,32.95384615384616,444.87692307692305
p109,1,a1_0,395.4461538461538,15,16.47692307692308,411.92307692307685
p109,2,a4_0,148.2923076923077,45,49.430769230769236,197.72307692307695
p109,4,a2_0,444.87692307692305,30,32.95384615384616,477.8307692307692
p110,1,a1_0,411.92307692307685,15,16.47692307692308,428.3999999999999
p110,2,a4_0,197.72307692307695,45,49.430769230769236,247.1538461538462
p110,4,a2_0,477.8307692307692,30,32.95384615384616,510.78461538461534
p11,1,a1_0,428.3999999999999,15,16.47692307692308,444.876923076923
p111,1,a1_0,444.876923076923,30,32.95384615384616,477.83076923076914
p111,2,a2_0,510.78461538461534,45,49.430769230769236,560.2153846153846
p111,3,a1_0,477.83076923076914,15,16.47692307692308,494.3076923076922
p11,2,a4_0,247.1538461538462,45,49.430769230769236,296.5846153846154
p112,1,a1_0,494.3076923076922,30,32.95384615384616,527.2615384615384
p112,2,a2_0,560.2153846153846,45,49.430769230769236,609.6461538461538
p112,3,a1_0,527.2615384615384,15,16.47692307692308,543.7384615384615
p113,1,a1_0,543.7384615384615,30,32.95384615384616,576.6923076923076
p113,2,a2_0,609.6461538461538,45,49.430769230769236,659.076923076923
p113,3,a1_0,576.6923076923076,15,16.47692307692308,593.1692307692307
p11,4,a2_0,659.076923076923,30,32.95384615384616,692.0307692307691
p114,1,a1_0,593.1692307692307,30,32.95384615384616,626.1230769230768
p114,2,a2_0,692.0307692307691,45,49.430769230769236,741.4615384615383
p114,3,a1_0,626.1230769230768,15,16.47692307692308,642.5999999999999
p115,1,a1_0,642.5999999999999,30,32.95384615384616,675.553846153846
p115,2,a2_0,741.4615384615383,45,49.430769230769236,790.8923076923076
p115,3,a1_0,675.553846153846,15,16.47692307692308,692.0307692307691
p116,1,a1_0,692.0307692307691,30,32.95384615384616,724.9846153846153
p116,2,a2_0,790.8923076923076,45,49.430769230769236,840.3230769230768
p116,3,a1_0,724.9846153846153,15,16.47692307692308,741.4615384615383
p117,1,a1_0,741.4615384615383,30,32.95384615384616,774.4153846153845
p117,2,a2_0,840.3230769230768,45,49.430769230769236,889.753846153846
p117,3,a1_0,774.4153846153845,15,16.47692307692308,790.8923076923076
p118,1,a1_0,790.8923076923076,15,16.47692307692308,807.3692307692306
p118,2,a4_0,296.5846153846154,45,49.430769230769236,346.0153846153846
p118,4,a2_0,889.753846153846,30,32.95384615384616,922.7076923076921
p119,1,a1_0,807.3692307692306,30,32.95384615384616,840.3230769230768
p119,2,a2_0,922.7076923076921,45,49.430769230769236,972.1384615384613
p119,3,a1_0,840.3230769230768,15,16.47692307692308,856.7999999999998
p120,1,a1_0,856.7999999999998,30,32.95384615384616,889.753846153846
p120,2,a2_0,972.1384615384613,45,49.430769230769236,1021.5692307692306
p120,3,a1_0,889.753846153846,15,16.47692307692308,906.230769230769
p12,1,a1_0,906.230769230769,30,32.95384615384616,939.1846153846152
p121,1,a1_0,939.1846153846152,15,16.47692307692308,955.6615384615383
p121,2,a4_0,346.0153846153846,45,49.430769230769236,395.44615384615383
p121,4,a2_0,1021.5692307692306,30,32.95384615384616,1054.5230769230768
p12,2,a2_0,1054.5230769230768,45,49.430769230769236,1103.9538461538461
p122,1,a1_0,955.6615384615383,30,32.95384615384616,988.6153846153844
p122,2,a2_0,1103.9538461538461,45,49.430769230769236,1153.3846153846155
p122,3,a1_0,988.6153846153844,15,16.47692307692308,1005.0923076923075
p12,3,a1_0,1005.0923076923075,15,16.47692307692308,1021.5692307692306
p123,1,a1_0,1021.5692307692306,15,16.47692307692308,1038.0461538461536
p123,2,a4_0,395.44615384615383,45,49.430769230769236,444.87692307692305
p123,4,a2_0,1153.3846153846155,30,32.95384615384616,1186.3384615384616
p124,1,a1_0,1038.0461538461536,15,16.47692307692308,1054.5230769230768
p124,2,a4_0,444.87692307692305,45,49.430769230769236,494.30769230769226
p124,4,a2_0,1186.3384615384616,30,32.95384615384616,1219.2923076923078
p125,1,a1_0,1054.5230769230768,15,16.47692307692308,1071.0
p125,2,a4_0,494.30769230769226,45,49.430769230769236,543.7384615384615
p125,4,a2_0,1219.2923076923078,30,32.95384615384616,1252.246153846154
p126,1,a1_0,1071.0,15,16.47692307692308,1087.4769230769232
p126,2,a4_0,543.7384615384615,45,49.430769230769236,593.1692307692307
p126,4,a2_0,1252.246153846154,30,32.95384615384616,1285.2
p127,1,a1_0,1087.4769230769232,15,16.47692307692308,1103.9538461538464
p127,2,a4_0,593.1692307692307,45,49.430769230769236,642.5999999999999
p127,4,a2_0,1285.2,30,32.95384615384616,1318.1538461538462
p128,1,a1_0,1103.9538461538464,30,32.95384615384616,1136.9076923076925
p128,2,a2_0,1318.1538461538462,45,49.430769230769236,1367.5846153846155
p128,3,a1_0,1136.9076923076925,15,16.47692307692308,1153.3846153846157
p129,1,a1_0,1153.3846153846157,15,16.47692307692308,1169.8615384615389
p129,2,a4_0,642.5999999999999,45,49.430769230769236,692.0307692307691
p129,4,a2_0,1367.5846153846155,30,32.95384615384616,1400.5384615384617
p130,1,a1_0,1169.8615384615389,15,16.47692307692308,1186.338461538462
p130,2,a4_0,692.0307692307691,45,49.430769230769236,741.4615384615383
p130,4,a2_0,1400.5384615384617,30,32.95384615384616,1433.4923076923078
p13,1,a1_0,1186.338461538462,30,32.95384615384616,1219.2923076923082
p131,1,a1_0,1219.2923076923082,15,16.47692307692308,1235.7692307692314
p131,2,a4_0,741.4615384615383,45,49.430769230769236,790.8923076923076
p131,4,a2_0,1433.4923076923078,30,32.95384615384616,1466.446153846154
p13,2,a2_0,1466.446153846154,45,49.430769230769236,1515.8769230769233
p132,1,a1_0,1235.7692307692314,15,16.47692307692308,1252.2461538461546
p132,2,a4_0,790.8923076923076,45,49.430769230769236,840.3230769230768
p132,4,a2_0,1515.8769230769233,30,32.95384615384616,1548.8307692307694
p13,3,a1_0,1252.2461538461546,15,16.47692307692308,1268.7230769230778
p133,1,a1_0,1268.7230769230778,15,16.47692307692308,1285.200000000001
p133,2,a4_0,840.3230769230768,45,49.430769230769236,889.753846153846
p133,4,a2_0,1548.8307692307694,30,32.95384615384616,1581.7846153846156
p134,1,a1_0,1285.200000000001,15,16.47692307692308,1301.6769230769241
p134,2,a4_0,889.753846153846,45,49.430769230769236,939.1846153846152
p134,4,a2_0,1581.7846153846156,30,32.95384615384616,1614.7384615384617
p135,1,a1_0,1301.6769230769241,15,16.47692307692308,1318.1538461538473
p135,2,a4_0,939.1846153846152,45,49.430769230769236,988.6153846153844
p135,4,a2_0,1614.7384615384617,30,32.95384615384616,1647.6923076923078
p136,1,a1_0,1318.1538461538473,30,32.95384615384616,1351.1076923076935
p136,2,a2_0,1647.6923076923078,45,49.430769230769236,1697.1230769230772
p136,3,a1_0,1351.1076923076935,15,16.47692307692308,1367.5846153846167
p137,1,a1_0,1367.5846153846167,15,16.47692307692308,1384.0615384615398
p137,2,a4_0,988.6153846153844,45,49.430769230769236,1038.0461538461536
p137,4,a2_0,1697.1230769230772,30,32.95384615384616,1730.0769230769233
p138,1,a1_0,1384.0615384615398,30,32.95384615384616,1417.015384615386
p138,2,a2_0,1730.0769230769233,45,49.430769230769236,1779.5076923076927
p138,3,a1_0,1417.015384615386,15,16.47692307692308,1433.4923076923092
p139,1,a1_0,1433.4923076923092,15,16.47692307692308,1449.9692307692324
p139,2,a4_0,1038.0461538461536,45,49.430769230769236,1087.476923076923
p139,4,a2_0,1779.5076923076927,30,32.95384615384616,1812.4615384615388
p140,1,a1_0,1449.9692307692324,30,32.95384615384616,1482.9230769230785
p140,2,a2_0,1812.4615384615388,45,49.430769230769236,1861.8923076923081
p140,3,a1_0,1482.9230769230785,15,16.47692307692308,1499.4000000000017
p14,1,a1_0,1499.4000000000017,30,32.95384615384616,1532.3538461538478
p141,1,a1_0,1532.3538461538478,15,16.47692307692308,1548.830769230771
p141,2,a4_0,1087.476923076923,45,49.430769230769236,1136.9076923076923
p141,4,a2_0,1861.8923076923081,30,32.95384615384616,1894.8461538461543
p14,2,a2_0,1894.8461538461543,45,49.430769230769236,1944.2769230769236
p142,1,a1_0,1548.830769230771,30,32.95384615384616,1581.7846153846172
p142,2,a2_0,1944.2769230769236,45,49.430769230769236,1993.707692307693
p142,3,a1_0,1581.7846153846172,15,16.47692307692308,1598.2615384615403
p14,3,a1_0,1598.2615384615403,15,16.47692307692308,1614.7384615384635
p143,1,a1_0,1614.7384615384635,30,32.95384615384616,1647.6923076923097
p143,2,a2_0,1993.707692307693,45,49.430769230769236,2043.1384615384623
p143,3,a1_0,1647.6923076923097,15,16.47692307692308,1664.1692307692329
p144,1,a1_0,1664.1692307692329,30,32.95384615384616,1697.123076923079
p144,2,a2_0,2043.1384615384623,45,49.430769230769236,2092.5692307692316
p144,3,a1_0,1697.123076923079,15,16.47692307692308,1713.6000000000022
p145,1,a1_0,1713.6000000000022,15,16.47692307692308,1730.0769230769254
p145,2,a4_0,1136.9076923076923,45,49.430769230769236,1186.3384615384616
p145,4,a2_0,2092.5692307692316,30,32.95384615384616,2125.523076923078
p146,1,a1_0,1730.0769230769254,30,32.95384615384616,1763.0307692307715
p146,2,a2_0,2125.523076923078,45,49.430769230769236,2174.9538461538473
p146,3,a1_0,1763.0307692307715,15,16.47692307692308,1779.5076923076947
p147,1,a1_0,1779.5076923076947,30,32.95384615384616,1812.4615384615408
p147,2,a2_0,2174.9538461538473,45,49.430769230769236,2224.3846153846166
p147,3,a1_0,1812.4615384615408,15,16.47692307692308,1828.938461538464
p148,1,a1_0,1828.938461538464,15,16.47692307692308,1845.4153846153872
p148,2,a4_0,1186.3384615384616,45,49.430769230769236,1235.769230769231
p148,4,a2_0,2224.3846153846166,30,32.95384615384616,2257.338461538463
p149,1,a1_0,1845.4153846153872,30,32.95384615384616,1878.3692307692334
p149,2,a2_0,2257.338461538463,45,49.430769230769236,2306.7692307692323
p149,3,a1_0,1878.3692307692334,15,16.47692307692308,1894.8461538461565
p150,1,a1_0,1894.8461538461565,15,16.47692307692308,1911.3230769230797
p150,2,a4_0,1235.769230769231,45,49.430769230769236,1285.2000000000003
p150,4,a2_0,2306.7692307692323,30,32.95384615384616,2339.7230769230787
p15,1,a1_0,1911.3230769230797,30,32.95384615384616,1944.2769230769259
p151,1,a1_0,1944.2769230769259,15,16.47692307692308,1960.753846153849
p151,2,a4_0,1285.2000000000003,45,49.430769230769236,1334.6307692307696
p151,4,a2_0,2339.7230769230787,30,32.95384615384616,2372.676923076925
p15,2,a2_0,2372.676923076925,45,49.430769230769236,2422.1076923076944
p152,1,a1_0,1960.753846153849,15,16.47692307692308,1977.2307692307722
p152,2,a4_0,1334.6307692307696,45,49.430769230769236,1384.061538461539
p152,4,a2_0,2422.1076923076944,30,32.95384615384616,2455.0615384615407
p15,3,a1_0,1977.2307692307722,15,16.47692307692308,1993.7076923076954
p16,1,a1_0,1993.7076923076954,15,16.47692307692308,2010.1846153846186
p16,2,a4_0,1384.061538461539,45,49.430769230769236,1433.4923076923083
p16,4,a2_0,2455.0615384615407,30,32.95384615384616,2488.015384615387
p17,1,a1_0,2010.1846153846186,15,16.47692307692308,2026.6615384615418
p17,2,a4_0,1433.4923076923083,45,49.430769230769236,1482.9230769230776
p17,4,a2_0,2488.015384615387,30,32.95384615384616,2520.9692307692335
p18,1,a1_0,2026.6615384615418,15,16.47692307692308,2043.138461538465
p18,2,a4_0,1482.9230769230776,45,49.430769230769236,1532.353846153847
p18,4,a2_0,2520.9692307692335,30,32.95384615384616,2553.92307692308
p19,1,a1_0,2043.138461538465,30,32.95384615384616,2076.0923076923114
p19,2,a2_0,2553.92307692308,45,49.430769230769236,2603.353846153849
p19,3,a1_0,2076.0923076923114,15,16.47692307692308,2092.5692307692343
p20,1,a1_0,2092.5692307692343,15,16.47692307692308,2109.0461538461573
p20,2,a4_0,1532.353846153847,45,49.430769230769236,1581.7846153846162
p20,4,a2_0,2603.353846153849,30,32.95384615384616,2636.3076923076956
p21,1,a1_0,2109.0461538461573,30,32.95384615384616,2142.0000000000036
p21,2,a2_0,2636.3076923076956,45,49.430769230769236,2685.738461538465
p21,3,a1_0,2142.0000000000036,15,16.47692307692308,2158.4769230769266
p22,1,a1_0,2158.4769230769266,30,32.95384615384616,2191.430769230773
p22,2,a2_0,2685.738461538465,45,49.430769230769236,2735.169230769234
p22,3,a1_0,2191.430769230773,15,16.47692307692308,2207.907692307696
p23,1,a1_0,2207.907692307696,15,16.47692307692308,2224.384615384619
p23,2,a4_0,1581.7846153846162,45,49.430769230769236,1631.2153846153856
p23,4,a2_0,2735.169230769234,30,32.95384615384616,2768.1230769230806
p24,1,a1_0,2224.384615384619,30,32.95384615384616,2257.3384615384653
p24,2,a2_0,2768.1230769230806,45,49.430769230769236,2817.55384615385
p24,3,a1_0,2257.3384615384653,15,16.47692307692308,2273.815384615388
p25,1,a1_0,2273.815384615388,30,32.95384615384616,2306.7692307692346
p25,2,a2_0,2817.55384615385,45,49.430769230769236,2866.9846153846192
p25,3,a1_0,2306.7692307692346,15,16.47692307692308,2323.2461538461575
p26,1,a1_0,2323.2461538461575,30,32.95384615384616,2356.200000000004
p26,2,a2_0,2866.9846153846192,45,49.430769230769236,2916.4153846153886
p26,3,a1_0,2356.200000000004,15,16.47692307692308,2372.676923076927
p27,1,a1_0,2372.676923076927,30,32.95384615384616,2405.6307692307732
p27,2,a2_0,2916.4153846153886,45,49.430769230769236,2965.846153846158
p27,3,a1_0,2405.6307692307732,15,16.47692307692308,2422.107692307696
p28,1,a1_0,2422.107692307696,15,16.47692307692308,2438.584615384619
p28,2,a4_0,1631.2153846153856,45,49.430769230769236,1680.646153846155
p28,4,a2_0,2965.846153846158,30,32.95384615384616,2998.8000000000043
p29,1,a1_0,2438.584615384619,15,16.47692307692308,2455.061538461542
p29,2,a4_0,1680.646153846155,45,49.430769230769236,1730.0769230769242
p29,4,a2_0,2998.8000000000043,30,32.95384615384616,3031.7538461538506
p30,1,a1_0,2455.061538461542,30,32.95384615384616,2488.0153846153885
p30,2,a2_0,3031.7538461538506,45,49.430769230769236,3081.18461538462
p30,3,a1_0,2488.0153846153885,15,16.47692307692308,2504.4923076923114
p3,1,a1_0,2504.4923076923114,30,32.95384615384616,2537.446153846158
p31,1,a1_0,2537.446153846158,15,16.47692307692308,2553.9230769230808
p31,2,a4_0,1730.0769230769242,45,49.430769230769236,1779.5076923076936
p31,4,a2_0,3081.18461538462,30,32.95384615384616,3114.1384615384663
p3,2,a2_0,3114.1384615384663,45,49.430769230769236,3163.5692307692357
p32,1,a1_0,2553.9230769230808,15,16.47692307692308,2570.4000000000037
p32,2,a4_0,1779.5076923076936,45,49.430769230769236,1828.938461538463
p32,4,a2_0,3163.5692307692357,30,32.95384615384616,3196.523076923082
p3,3,a1_0,2570.4000000000037,15,16.47692307692308,2586.8769230769267
p33,1,a1_0,2586.8769230769267,15,16.47692307692308,2603.3538461538496
p33,2,a4_0,1828.938461538463,45,49.430769230769236,1878.3692307692322
p33,4,a2_0,3196.523076923082,30,32.95384615384616,3229.4769230769284
p34,1,a1_0,2603.3538461538496,30,32.95384615384616,2636.307692307696
p34,2,a2_0,3229.4769230769284,45,49.430769230769236,3278.9076923076977
p34,3,a1_0,2636.307692307696,15,16.47692307692308,2652.784615384619
p35,1,a1_0,2652.784615384619,30,32.95384615384616,2685.7384615384653
p35,2,a2_0,3278.9076923076977,45,49.430769230769236,3328.338461538467
p35,3,a1_0,2685.7384615384653,15,16.47692307692308,2702.2153846153883
p36,1,a1_0,2702.2153846153883,15,16.47692307692308,2718.6923076923113
p36,2,a4_0,1878.3692307692322,45,49.430769230769236,1927.8000000000015
p36,4,a2_0,3328.338461538467,30,32.95384615384616,3361.2923076923134
p37,1,a1_0,2718.6923076923113,15,16.47692307692308,2735.169230769234
p37,2,a4_0,1927.8000000000015,45,49.430769230769236,1977.2307692307709
p37,4,a2_0,3361.2923076923134,30,32.95384615384616,3394.24615384616
p38,1,a1_0,2735.169230769234,30,32.95384615384616,2768.1230769230806
p38,2,a2_0,3394.24615384616,45,49.430769230769236,3443.676923076929
p38,3,a1_0,2768.1230769230806,15,16.47692307692308,2784.6000000000035
p39,1,a1_0,2784.6000000000035,30,32.95384615384616,2817.55384615385
p39,2,a2_0,3443.676923076929,45,49.430769230769236,3493.1076923076985
p39,3,a1_0,2817.55384615385,15,16.47692307692308,2834.030769230773
p40,1,a1_0,2834.030769230773,15,16.47692307692308,2850.507692307696
p40,2,a4_0,1977.2307692307709,45,49.430769230769236,2026.6615384615402
p40,4,a2_0,3493.1076923076985,30,32.95384615384616,3526.061538461545
p4,1,a1_0,2850.507692307696,15,16.47692307692308,2866.984615384619
p41,1,a1_0,2866.984615384619,30,32.95384615384616,2899.938461538465
p41,2,a2_0,3526.061538461545,45,49.430769230769236,3575.492307692314
p41,3,a1_0,2899.938461538465,15,16.47692307692308,2916.415384615388
p4,2,a4_0,2026.6615384615402,45,49.430769230769236,2076.0923076923095
p42,1,a1_0,2916.415384615388,15,16.47692307692308,2932.892307692311
p42,2,a4_0,2076.0923076923095,45,49.430769230769236,2125.523076923079
p42,4,a2_0,3575.492307692314,30,32.95384615384616,3608.4461538461605
p43,1,a1_0,2932.892307692311,15,16.47692307692308,2949.369230769234
p43,2,a4_0,2125.523076923079,45,49.430769230769236,2174.953846153848
p43,4,a2_0,3608.4461538461605,30,32.95384615384616,3641.400000000007
p4,4,a2_0,3641.400000000007,30,32.95384615384616,3674.3538461538533
p44,1,a1_0,2949.369230769234,30,32.95384615384616,2982.3230769230804
p44,2,a2_0,3674.3538461538533,45,49.430769230769236,3723.7846153846226
p44,3,a1_0,2982.3230769230804,15,16.47692307692308,2998.8000000000034
p45,1,a1_0,2998.8000000000034,30,32.95384615384616,3031.7538461538497
p45,2,a2_0,3723.7846153846226,45,49.430769230769236,3773.215384615392
p45,3,a1_0,3031.7538461538497,15,16.47692307692308,3048.2307692307727
p46,1,a1_0,3048.2307692307727,15,16.47692307692308,3064.7076923076957
p46,2,a4_0,2174.953846153848,45,49.430769230769236,2224.3846153846175
p46,4,a2_0,3773.215384615392,30,32.95384615384616,3806.1692307692383
p47,1,a1_0,3064.7076923076957,15,16.47692307692308,3081.1846153846186
p47,2,a4_0,2224.3846153846175,45,49.430769230769236,2273.815384615387
p47,4,a2_0,3806.1692307692383,30,32.95384615384616,3839.1230769230847
p48,1,a1_0,3081.1846153846186,30,32.95384615384616,3114.138461538465
p48,2,a2_0,3839.1230769230847,45,49.430769230769236,3888.553846153854
p48,3,a1_0,3114.138461538465,15,16.47692307692308,3130.615384615388
p49,1,a1_0,3130.615384615388,30,32.95384615384616,3163.5692307692343
p49,2,a2_0,3888.553846153854,45,49.430769230769236,3937.9846153846233
p49,3,a1_0,3163.5692307692343,15,16.47692307692308,3180.0461538461573
p50,1,a1_0,3180.0461538461573,15,16.47692307692308,3196.52307692308
p50,2,a4_0,2273.815384615387,45,49.430769230769236,2323.246153846156
p50,4,a2_0,3937.9846153846233,30,32.95384615384616,3970.9384615384697
p5,1,a1_0,3196.52307692308,15,16.47692307692308,3213.000000000003
p51,1,a1_0,3213.000000000003,30,32.95384615384616,3245.9538461538496
p51,2,a2_0,3970.9384615384697,45,49.430769230769236,4020.369230769239
p51,3,a1_0,3245.9538461538496,15,16.47692307692308,3262.4307692307725
p5,2,a4_0,2323.246153846156,45,49.430769230769236,2372.6769230769255
p52,1,a1_0,3262.4307692307725,30,32.95384615384616,3295.384615384619
p52,2,a2_0,4020.369230769239,45,49.430769230769236,4069.8000000000084
p52,3,a1_0,3295.384615384619,15,16.47692307692308,3311.861538461542
p53,1,a1_0,3311.861538461542,15,16.47692307692308,3328.338461538465
p53,2,a4_0,2372.6769230769255,45,49.430769230769236,2422.107692307695
p53,4,a2_0,4069.8000000000084,30,32.95384615384616,4102.753846153854
p5,4,a2_0,4102.753846153854,30,32.95384615384616,4135.7076923077
p54,1,a1_0,3328.338461538465,30,32.95384615384616,3361.292307692311
p54,2,a2_0,4135.7076923077,45,49.430769230769236,4185.1384615384695
p54,3,a1_0,3361.292307692311,15,16.47692307692308,3377.769230769234
p55,1,a1_0,3377.769230769234,15,16.47692307692308,3394.246153846157
p55,2,a4_0,2422.107692307695,45,49.430769230769236,2471.538461538464
p55,4,a2_0,4185.1384615384695,30,32.95384615384616,4218.092307692315
p56,1,a1_0,3394.246153846157,15,16.47692307692308,3410.72307692308
p56,2,a4_0,2471.538461538464,45,49.430769230769236,2520.9692307692335
p56,4,a2_0,4218.092307692315,30,32.95384615384616,4251.046153846161
p57,1,a1_0,3410.72307692308,30,32.95384615384616,3443.6769230769264
p57,2,a2_0,4251.046153846161,45,49.430769230769236,4300.476923076931
p57,3,a1_0,3443.6769230769264,15,16.47692307692308,3460.1538461538494
p58,1,a1_0,3460.1538461538494,30,32.95384615384616,3493.1076923076957
p58,2,a2_0,4300.476923076931,45,49.430769230769236,4349.9076923077
p58,3,a1_0,3493.1076923076957,15,16.47692307692308,3509.5846153846187
p59,1,a1_0,3509.5846153846187,15,16.47692307692308,3526.0615384615417
p59,2,a4_0,2520.9692307692335,45,49.430769230769236,2570.400000000003
p59,4,a2_0,4349.9076923077,30,32.95384615384616,4382.861538461546
p60,1,a1_0,3526.0615384615417,30,32.95384615384616,3559.015384615388
p60,2,a2_0,4382.861538461546,45,49.430769230769236,4432.292307692315
p60,3,a1_0,3559.015384615388,15,16.47692307692308,3575.492307692311
p6,1,a1_0,3575.492307692311,15,16.47692307692308,3591.969230769234
p61,1,a1_0,3591.969230769234,15,16.47692307692308,3608.446153846157
p61,2,a4_0,2570.400000000003,45,49.430769230769236,2619.830769230772
p61,4,a2_0,4432.292307692315,30,32.95384615384616,4465.246153846161
p6,2,a4_0,2619.830769230772,45,49.430769230769236,2669.2615384615415
p62,1,a1_0,3608.446153846157,30,32.95384615384616,3641.4000000000033
p62,2,a2_0,4465.246153846161,45,49.430769230769236,4514.6769230769305
p62,3,a1_0,3641.4000000000033,15,16.47692307692308,3657.8769230769262
p63,1,a1_0,3657.8769230769262,30,32.95384615384616,3690.8307692307726
p63,2,a2_0,4514.6769230769305,45,49.430769230769236,4564.1076923077
p63,3,a1_0,3690.8307692307726,15,16.47692307692308,3707.3076923076956
p6,4,a2_0,4564.1076923077,30,32.95384615384616,4597.061538461546
p64,1,a1_0,3707.3076923076956,15,16.47692307692308,3723.7846153846185
p64,2,a4_0,2669.2615384615415,45,49.430769230769236,2718.692307692311
p64,4,a2_0,4597.061538461546,30,32.95384615384616,4630.015384615392
p65,1,a1_0,3723.7846153846185,15,16.47692307692308,3740.2615384615415
p65,2,a4_0,2718.692307692311,45,49.430769230769236,2768.12307692308
p65,4,a2_0,4630.015384615392,30,32.95384615384616,4662.969230769238
p66,1,a1_0,3740.2615384615415,15,16.47692307692308,3756.7384615384644
p66,2,a4_0,2768.12307692308,45,49.430769230769236,2817.5538461538495
p66,4,a2_0,4662.969230769238,30,32.95384615384616,4695.9230769230835
p67,1,a1_0,3756.7384615384644,15,16.47692307692308,3773.2153846153874
p67,2,a4_0,2817.5538461538495,45,49.430769230769236,2866.984615384619
p67,4,a2_0,4695.9230769230835,30,32.95384615384616,4728.876923076929
p68,1,a1_0,3773.2153846153874,15,16.47692307692308,3789.6923076923104
p68,2,a4_0,2866.984615384619,45,49.430769230769236,2916.415384615388
p68,4,a2_0,4728.876923076929,30,32.95384615384616,4761.830769230775
p69,1,a1_0,3789.6923076923104,30,32.95384615384616,3822.6461538461567
p69,2,a2_0,4761.830769230775,45,49.430769230769236,4811.261538461545
p69,3,a1_0,3822.6461538461567,15,16.47692307692308,3839.1230769230797
p70,1,a1_0,3839.1230769230797,30,32.95384615384616,3872.076923076926
p70,2,a2_0,4811.261538461545,45,49.430769230769236,4860.692307692314
p70,3,a1_0,3872.076923076926,15,16.47692307692308,3888.553846153849
p7,1,a1_0,3888.553846153849,15,16.47692307692308,3905.030769230772
p71,1,a1_0,3905.030769230772,15,16.47692307692308,3921.507692307695
p71,2,a4_0,2916.415384615388,45,49.430769230769236,2965.8461538461574
p71,4,a2_0,4860.692307692314,30,32.95384615384616,4893.64615384616
p7,2,a4_0,2965.8461538461574,45,49.430769230769236,3015.276923076927
p72,1,a1_0,3921.507692307695,15,16.47692307692308,3937.984615384618
p72,2,a4_0,3015.276923076927,45,49.430769230769236,3064.707692307696
p72,4,a2_0,4893.64615384616,30,32.95384615384616,4926.600000000006
p73,1,a1_0,3937.984615384618,15,16.47692307692308,3954.461538461541
p73,2,a4_0,3064.707692307696,45,49.430769230769236,3114.1384615384654
p73,4,a2_0,4926.600000000006,30,32.95384615384616,4959.553846153852
p7,4,a2_0,4959.553846153852,30,32.95384615384616,4992.507692307698
p74,1,a1_0,3954.461538461541,15,16.47692307692308,3970.938461538464
p74,2,a4_0,3114.1384615384654,45,49.430769230769236,3163.5692307692348
p74,4,a2_0,4992.507692307698,30,32.95384615384616,5025.461538461544
p75,1,a1_0,3970.938461538464,15,16.47692307692308,3987.4153846153868
p75,2,a4_0,3163.5692307692348,45,49.430769230769236,3213.000000000004
p75,4,a2_0,5025.461538461544,30,32.95384615384616,5058.4153846153895
p76,1,a1_0,3987.4153846153868,15,16.47692307692308,4003.8923076923097
p76,2,a4_0,3213.000000000004,45,49.430769230769236,3262.4307692307734
p76,4,a2_0,5058.4153846153895,30,32.95384615384616,5091.369230769235
p77,1,a1_0,4003.8923076923097,15,16.47692307692308,4020.3692307692327
p77,2,a4_0,3262.4307692307734,45,49.430769230769236,3311.8615384615428
p77,4,a2_0,5091.369230769235,30,32.95384615384616,5124.323076923081
p78,1,a1_0,4020.3692307692327,30,32.95384615384616,4053.323076923079
p78,2,a2_0,5124.323076923081,45,49.430769230769236,5173.753846153851
p78,3,a1_0,4053.323076923079,15,16.47692307692308,4069.800000000002
p79,1,a1_0,4069.800000000002,15,16.47692307692308,4086.276923076925
p79,2,a4_0,3311.8615384615428,45,49.430769230769236,3361.292307692312
p79,4,a2_0,5173.753846153851,30,32.95384615384616,5206.707692307697
p80,1,a1_0,4086.276923076925,30,32.95384615384616,4119.230769230771
p80,2,a2_0,5206.707692307697,45,49.430769230769236,5256.138461538466
p80,3,a1_0,4119.230769230771,15,16.47692307692308,4135.707692307695
p8,1,a1_0,4135.707692307695,30,32.95384615384616,4168.661538461541
p81,1,a1_0,4168.661538461541,15,16.47692307692308,4185.138461538464
p81,2,a4_0,3361.292307692312,45,49.430769230769236,3410.7230769230814
p81,4,a2_0,5256.138461538466,30,32.95384615384616,5289.092307692312
p8,2,a2_0,5289.092307692312,45,49.430769230769236,5338.523076923081
p82,1,a1_0,4185.138461538464,15,16.47692307692308,4201.6153846153875
p82,2,a4_0,3410.7230769230814,45,49.430769230769236,3460.1538461538507
p82,4,a2_0,5338.523076923081,30,32.95384615384616,5371.476923076927
p8,3,a1_0,4201.6153846153875,15,16.47692307692308,4218.092307692311
p83,1,a1_0,4218.092307692311,15,16.47692307692308,4234.569230769234
p83,2,a4_0,3460.1538461538507,45,49.430769230769236,3509.58461538462
p83,4,a2_0,5371.476923076927,30,32.95384615384616,5404.430769230773
p84,1,a1_0,4234.569230769234,30,32.95384615384616,4267.52307692308
p84,2,a2_0,5404.430769230773,45,49.430769230769236,5453.861538461542
p84,3,a1_0,4267.52307692308,15,16.47692307692308,4284.000000000004
p85,1,a1_0,4284.000000000004,15,16.47692307692308,4300.476923076927
p85,2,a4_0,3509.58461538462,45,49.430769230769236,3559.0153846153894
p85,4,a2_0,5453.861538461542,30,32.95384615384616,5486.815384615388
p86,1,a1_0,4300.476923076927,30,32.95384615384616,4333.430769230773
p86,2,a2_0,5486.815384615388,45,49.430769230769236,5536.2461538461575
p86,3,a1_0,4333.430769230773,15,16.47692307692308,4349.907692307696
p87,1,a1_0,4349.907692307696,15,16.47692307692308,4366.38461538462
p87,2,a4_0,3559.0153846153894,45,49.430769230769236,3608.4461538461587
p87,4,a2_0,5536.2461538461575,30,32.95384615384616,5569.2000000000035
p88,1,a1_0,4366.38461538462,30,32.95384615384616,4399.338461538466
p88,2,a2_0,5569.2000000000035,45,49.430769230769236,5618.630769230773
p88,3,a1_0,4399.338461538466,15,16.47692307692308,4415.815384615389
p89,1,a1_0,4415.815384615389,15,16.47692307692308,4432.2923076923125
p89,2,a4_0,3608.4461538461587,45,49.430769230769236,3657.876923076928
p89,4,a2_0,5618.630769230773,30,32.95384615384616,5651.584615384619
p90,1,a1_0,4432.2923076923125,15,16.47692307692308,4448.769230769236
p90,2,a4_0,3657.876923076928,45,49.430769230769236,3707.3076923076974
p90,4,a2_0,5651.584615384619,30,32.95384615384616,5684.538461538465
p9,1,a1_0,4448.769230769236,30,32.95384615384616,4481.723076923082
p91,1,a1_0,4481.723076923082,15,16.47692307692308,4498.200000000005
p91,2,a4_0,3707.3076923076974,45,49.430769230769236,3756.7384615384667
p91,4,a2_0,5684.538461538465,30,32.95384615384616,5717.4923076923105
p9,2,a2_0,5717.4923076923105,45,49.430769230769236,5766.92307692308
p92,1,a1_0,4498.200000000005,30,32.95384615384616,4531.153846153851
p92,2,a2_0,5766.92307692308,45,49.430769230769236,5816.353846153849
p92,3,a1_0,4531.153846153851,15,16.47692307692308,4547.630769230775
p9,3,a1_0,4547.630769230775,15,16.47692307692308,4564.107692307698
p93,1,a1_0,4564.107692307698,30,32.95384615384616,4597.061538461544
p93,2,a2_0,5816.353846153849,45,49.430769230769236,5865.7846153846185
p93,3,a1_0,4597.061538461544,15,16.47692307692308,4613.538461538467
p94,1,a1_0,4613.538461538467,15,16.47692307692308,4630.015384615391
p94,2,a4_0,3756.7384615384667,45,49.430769230769236,3806.169230769236
p94,4,a2_0,5865.7846153846185,30,32.95384615384616,5898.738461538464
p95,1,a1_0,4630.015384615391,15,16.47692307692308,4646.492307692314
p95,2,a4_0,3806.169230769236,45,49.430769230769236,3855.6000000000054
p95,4,a2_0,5898.738461538464,30,32.95384615384616,5931.69230769231
p96,1,a1_0,4646.492307692314,15,16.47692307692308,4662.969230769238
p96,2,a4_0,3855.6000000000054,45,49.430769230769236,3905.0307692307747
p96,4,a2_0,5931.69230769231,30,32.95384615384616,5964.646153846156
p97,1,a1_0,4662.969230769238,15,16.47692307692308,4679.446153846161
p97,2,a4_0,3905.0307692307747,45,49.430769230769236,3954.461538461544
p97,4,a2_0,5964.646153846156,30,32.95384615384616,5997.600000000002
p98,1,a1_0,4679.446153846161,15,16.47692307692308,4695.923076923084
p98,2,a4_0,3954.461538461544,45,49.430769230769236,4003.8923076923134
p98,4,a2_0,5997.600000000002,30,32.95384615384616,6030.553846153848
p99,1,a1_0,4695.923076923084,30,32.95384615384616,4728.87692307693
p99,2,a2_0,6030.553846153848,45,49.430769230769236,6079.984615384617
p99,3,a1_0,4728.87692307693,15,16.47692307692308,4745.353846153854
p100,4,a3_0,49.430769230769236,15,16.47692307692308,65.90769230769232
p101,4,a3_0,131.81538461538463,15,16.47692307692308,148.2923076923077
p102,4,a3_0,197.72307692307695,15,16.47692307692308,214.20000000000002
p10,4,a3_0,214.20000000000002,15,16.47692307692308,230.6769230769231
p103,4,a3_0,247.1538461538462,15,16.47692307692308,263.63076923076926
p104,3,a3_0,263.63076923076926,15,16.47692307692308,280.10769230769233
p104,5,a4_0,4003.8923076923134,15,16.47692307692308,4020.3692307692363
p105,4,a3_0,329.53846153846155,15,16.47692307692308,346.0153846153846
p106,3,a3_0,346.0153846153846,15,16.47692307692308,362.4923076923077
p106,5,a4_0,4020.3692307692363,15,16.47692307692308,4036.8461538461593
p107,4,a3_0,411.9230769230769,15,16.47692307692308,428.4
p108,3,a3_0,428.4,15,16.47692307692308,444.87692307692305
p109,3,a3_0,444.87692307692305,15,16.47692307692308,461.3538461538461
p110,3,a3_0,461.3538461538461,15,16.47692307692308,477.8307692307692
p11,3,a3_0,477.8307692307692,15,16.47692307692308,494.30769230769226
p108,5,a4_0,4036.8461538461593,15,16.47692307692308,4053.323076923082
p109,5,a4_0,4053.323076923082,15,16.47692307692308,4069.800000000005
p110,5,a4_0,4069.800000000005,15,16.47692307692308,4086.276923076928
p111,4,a3_0,560.2153846153846,15,16.47692307692308,576.6923076923076
p112,4,a3_0,609.6461538461538,15,16.47692307692308,626.1230769230768
p113,4,a3_0,659.076923076923,15,16.47692307692308,675.553846153846
p11,5,a4_0,4086.276923076928,15,16.47692307692308,4102.753846153852
p114,4,a3_0,741.4615384615383,15,16.47692307692308,757.9384615384614
p115,4,a3_0,790.8923076923076,15,16.47692307692308,807.3692307692306
p116,4,a3_0,840.3230769230768,15,16.47692307692308,856.7999999999998
p118,3,a3_0,856.7999999999998,15,16.47692307692308,873.2769230769229
p117,4,a3_0,889.753846153846,15,16.47692307692308,906.230769230769
p118,5,a4_0,4102.753846153852,15,16.47692307692308,4119.230769230775
p119,4,a3_0,972.1384615384613,15,16.47692307692308,988.6153846153844
p121,3,a3_0,988.6153846153844,15,16.47692307692308,1005.0923076923075
p120,4,a3_0,1021.5692307692306,15,16.47692307692308,1038.0461538461536
p121,5,a4_0,4119.230769230775,15,16.47692307692308,4135.707692307698
p123,3,a3_0,1038.0461538461536,15,16.47692307692308,1054.5230769230768
p124,3,a3_0,1054.5230769230768,15,16.47692307692308,1071.0
p12,4,a3_0,1103.9538461538461,15,16.47692307692308,1120.4307692307693
p125,3,a3_0,1120.4307692307693,15,16.47692307692308,1136.9076923076925
p126,3,a3_0,1136.9076923076925,15,16.47692307692308,1153.3846153846157
p127,3,a3_0,1153.3846153846157,15,16.47692307692308,1169.8615384615389
p122,4,a3_0,1169.8615384615389,15,16.47692307692308,1186.338461538462
p123,5,a4_0,4135.707692307698,15,16.47692307692308,4152.184615384622
p129,3,a3_0,1186.338461538462,15,16.47692307692308,1202.8153846153853
p130,3,a3_0,1202.8153846153853,15,16.47692307692308,1219.2923076923084
p124,5,a4_0,4152.184615384622,15,16.47692307692308,4168.661538461545
p125,5,a4_0,4168.661538461545,15,16.47692307692308,4185.138461538469
p131,3,a3_0,1235.7692307692314,15,16.47692307692308,1252.2461538461546
p132,3,a3_0,1252.2461538461546,15,16.47692307692308,1268.7230769230778
p126,5,a4_0,4185.138461538469,15,16.47692307692308,4201.615384615392
p133,3,a3_0,1285.200000000001,15,16.47692307692308,1301.6769230769241
p127,5,a4_0,4201.615384615392,15,16.47692307692308,4218.092307692315
p134,3,a3_0,1301.6769230769241,15,16.47692307692308,1318.1538461538473
p135,3,a3_0,1318.1538461538473,15,16.47692307692308,1334.6307692307705
p128,4,a3_0,1367.5846153846155,15,16.47692307692308,1384.0615384615387
p129,5,a4_0,4218.092307692315,15,16.47692307692308,4234.569230769239
p137,3,a3_0,1384.0615384615398,15,16.47692307692308,1400.538461538463
p130,5,a4_0,4234.569230769239,15,16.47692307692308,4251.046153846162
p131,5,a4_0,4251.046153846162,15,16.47692307692308,4267.523076923086
p139,3,a3_0,1449.9692307692324,15,16.47692307692308,1466.4461538461555
p13,4,a3_0,1515.8769230769233,15,16.47692307692308,1532.3538461538465
p132,5,a4_0,4267.523076923086,15,16.47692307692308,4284.000000000009
p141,3,a3_0,1548.830769230771,15,16.47692307692308,1565.3076923076942
p133,5,a4_0,4284.000000000009,15,16.47692307692308,4300.4769230769325
p134,5,a4_0,4300.4769230769325,15,16.47692307692308,4316.953846153856
p135,5,a4_0,4316.953846153856,15,16.47692307692308,4333.430769230779
p136,4,a3_0,1697.1230769230772,15,16.47692307692308,1713.6000000000004
p137,5,a4_0,4333.430769230779,15,16.47692307692308,4349.907692307703
p145,3,a3_0,1730.0769230769254,15,16.47692307692308,1746.5538461538486
p138,4,a3_0,1779.5076923076927,15,16.47692307692308,1795.9846153846158
p139,5,a4_0,4349.907692307703,15,16.47692307692308,4366.384615384626
p140,4,a3_0,1861.8923076923081,15,16.47692307692308,1878.3692307692313
p148,3,a3_0,1878.3692307692313,15,16.47692307692308,1894.8461538461545
p141,5,a4_0,4366.384615384626,15,16.47692307692308,4382.86153846155
p14,4,a3_0,1944.2769230769236,15,16.47692307692308,1960.7538461538468
p150,3,a3_0,1960.7538461538468,15,16.47692307692308,1977.23076923077
p142,4,a3_0,1993.707692307693,15,16.47692307692308,2010.184615384616
p151,3,a3_0,2010.184615384616,15,16.47692307692308,2026.6615384615393
p152,3,a3_0,2026.6615384615393,15,16.47692307692308,2043.1384615384625
p143,4,a3_0,2043.1384615384625,15,16.47692307692308,2059.6153846153857
p16,3,a3_0,2059.6153846153857,15,16.47692307692308,2076.0923076923086
p17,3,a3_0,2076.0923076923086,15,16.47692307692308,2092.5692307692316
p18,3,a3_0,2092.5692307692316,15,16.47692307692308,2109.0461538461545
p144,4,a3_0,2109.0461538461545,15,16.47692307692308,2125.5230769230775
p145,5,a4_0,4382.86153846155,15,16.47692307692308,4399.338461538473
p20,3,a3_0,2125.5230769230775,15,16.47692307692308,2142.0000000000005
p146,4,a3_0,2174.9538461538473,15,16.47692307692308,2191.4307692307702
p147,4,a3_0,2224.3846153846166,15,16.47692307692308,2240.8615384615396
p23,3,a3_0,2240.8615384615396,15,16.47692307692308,2257.3384615384625
p148,5,a4_0,4399.338461538473,15,16.47692307692308,4415.815384615396
p149,4,a3_0,2306.7692307692323,15,16.47692307692308,2323.2461538461553
p150,5,a4_0,4415.815384615396,15,16.47692307692308,4432.29230769232
p151,5,a4_0,4432.29230769232,15,16.47692307692308,4448.769230769243
p15,4,a3_0,2422.1076923076944,15,16.47692307692308,2438.5846153846173
p152,5,a4_0,4448.769230769243,15,16.47692307692308,4465.246153846167
p28,3,a3_0,2438.584615384619,15,16.47692307692308,2455.061538461542
p29,3,a3_0,2455.061538461542,15,16.47692307692308,2471.538461538465
p16,5,a4_0,4465.246153846167,15,16.47692307692308,4481.72307692309
p17,5,a4_0,4481.72307692309,15,16.47692307692308,4498.2000000000135
p18,5,a4_0,4498.2000000000135,15,16.47692307692308,4514.676923076937
p31,3,a3_0,2553.9230769230808,15,16.47692307692308,2570.4000000000037
p19,4,a3_0,2603.353846153849,15,16.47692307692308,2619.830769230772
p32,3,a3_0,2619.830769230772,15,16.47692307692308,2636.307692307695
p33,3,a3_0,2636.307692307695,15,16.47692307692308,2652.784615384618
p20,5,a4_0,4514.676923076937,15,16.47692307692308,4531.15384615386
p21,4,a3_0,2685.738461538465,15,16.47692307692308,2702.215384615388
p22,4,a3_0,2735.169230769234,15,16.47692307692308,2751.646153846157
p36,3,a3_0,2751.646153846157,15,16.47692307692308,2768.12307692308
p37,3,a3_0,2768.12307692308,15,16.47692307692308,2784.600000000003
p23,5,a4_0,4531.15384615386,15,16.47692307692308,4547.630769230784
p24,4,a3_0,2817.55384615385,15,16.47692307692308,2834.030769230773
p25,4,a3_0,2866.9846153846192,15,16.47692307692308,2883.461538461542
p40,3,a3_0,2883.461538461542,15,16.47692307692308,2899.938461538465
p4,3,a3_0,2899.938461538465,15,16.47692307692308,2916.415384615388
p26,4,a3_0,2916.4153846153886,15,16.47692307692308,2932.8923076923115
p42,3,a3_0,2932.8923076923115,15,16.47692307692308,2949.3692307692345
p27,4,a3_0,2965.846153846158,15,16.47692307692308,2982.323076923081
p43,3,a3_0,2982.323076923081,15,16.47692307692308,2998.800000000004
p28,5,a4_0,4547.630769230784,15,16.47692307692308,4564.107692307707
p29,5,a4_0,4564.107692307707,15,16.47692307692308,4580.5846153846305
p30,4,a3_0,3081.18461538462,15,16.47692307692308,3097.661538461543
p46,3,a3_0,3097.661538461543,15,16.47692307692308,3114.138461538466
p47,3,a3_0,3114.138461538466,15,16.47692307692308,3130.615384615389
p31,5,a4_0,4580.5846153846305,15,16.47692307692308,4597.061538461554
p3,4,a3_0,3163.5692307692357,15,16.47692307692308,3180.0461538461586
p32,5,a4_0,4597.061538461554,15,16.47692307692308,4613.538461538477
p50,3,a3_0,3196.52307692308,15,16.47692307692308,3213.000000000003
p5,3,a3_0,3213.000000000003,15,16.47692307692308,3229.476923076926
p33,5,a4_0,4613.538461538477,15,16.47692307692308,4630.015384615401
p34,4,a3_0,3278.9076923076977,15,16.47692307692308,3295.3846153846207
p35,4,a3_0,3328.338461538467,15,16.47692307692308,3344.81538461539
p53,3,a3_0,3344.81538461539,15,16.47692307692308,3361.292307692313
p36,5,a4_0,4630.015384615401,15,16.47692307692308,4646.492307692324
p37,5,a4_0,4646.492307692324,15,16.47692307692308,4662.969230769248
p55,3,a3_0,3394.246153846157,15,16.47692307692308,3410.72307692308
p56,3,a3_0,3410.72307692308,15,16.47692307692308,3427.200000000003
p38,4,a3_0,3443.676923076929,15,16.47692307692308,3460.153846153852
p39,4,a3_0,3493.1076923076985,15,16.47692307692308,3509.5846153846214
p40,5,a4_0,4662.969230769248,15,16.47692307692308,4679.446153846171
p59,3,a3_0,3526.0615384615417,15,16.47692307692308,3542.5384615384646
p41,4,a3_0,3575.492307692314,15,16.47692307692308,3591.969230769237
p6,3,a3_0,3591.969230769237,15,16.47692307692308,3608.44615384616
p42,5,a4_0,4679.446153846171,15,16.47692307692308,4695.923076923094
p61,3,a3_0,3608.44615384616,15,16.47692307692308,3624.923076923083
p43,5,a4_0,4695.923076923094,15,16.47692307692308,4712.400000000018
p4,5,a4_0,4712.400000000018,15,16.47692307692308,4728.876923076941
p44,4,a3_0,3723.7846153846226,15,16.47692307692308,3740.2615384615456
p64,3,a3_0,3740.2615384615456,15,16.47692307692308,3756.7384615384685
p65,3,a3_0,3756.7384615384685,15,16.47692307692308,3773.2153846153915
p45,4,a3_0,3773.215384615392,15,16.47692307692308,3789.692307692315
p66,3,a3_0,3789.692307692315,15,16.47692307692308,3806.169230769238
p67,3,a3_0,3806.169230769238,15,16.47692307692308,3822.646153846161
p68,3,a3_0,3822.646153846161,15,16.47692307692308,3839.1230769230838
p46,5,a4_0,4728.876923076941,15,16.47692307692308,4745.353846153865
p47,5,a4_0,4745.353846153865,15,16.47692307692308,4761.830769230788
p48,4,a3_0,3888.553846153854,15,16.47692307692308,3905.030769230777
p7,3,a3_0,3905.030769230777,15,16.47692307692308,3921.5076923077
p49,4,a3_0,3937.9846153846233,15,16.47692307692308,3954.4615384615463
p71,3,a3_0,3954.4615384615463,15,16.47692307692308,3970.9384615384693
p72,3,a3_0,3970.9384615384693,15,16.47692307692308,3987.415384615392
p73,3,a3_0,3987.415384615392,15,16.47692307692308,4003.892307692315
p50,5,a4_0,4761.830769230788,15,16.47692307692308,4778.3076923077115
p74,3,a3_0,4003.892307692315,15,16.47692307692308,4020.369230769238
p75,3,a3_0,4020.369230769238,15,16.47692307692308,4036.846153846161
p51,4,a3_0,4036.846153846161,15,16.47692307692308,4053.323076923084
p76,3,a3_0,4053.323076923084,15,16.47692307692308,4069.800000000007
p77,3,a3_0,4069.800000000007,15,16.47692307692308,4086.27692307693
p52,4,a3_0,4086.27692307693,15,16.47692307692308,4102.753846153853
p79,3,a3_0,4102.753846153853,15,16.47692307692308,4119.230769230777
p53,5,a4_0,4778.3076923077115,15,16.47692307692308,4794.784615384635
p5,5,a4_0,4794.784615384635,15,16.47692307692308,4811.261538461558
p54,4,a3_0,4185.1384615384695,15,16.47692307692308,4201.615384615393
p81,3,a3_0,4201.615384615393,15,16.47692307692308,4218.092307692316
p82,3,a3_0,4218.092307692316,15,16.47692307692308,4234.56923076924
p55,5,a4_0,4811.261538461558,15,16.47692307692308,4827.738461538482
p83,3,a3_0,4234.56923076924,15,16.47692307692308,4251.046153846163
p56,5,a4_0,4827.738461538482,15,16.47692307692308,4844.215384615405
p57,4,a3_0,4300.476923076931,15,16.47692307692308,4316.953846153854
p85,3,a3_0,4316.953846153854,15,16.47692307692308,4333.4307692307775
p58,4,a3_0,4349.9076923077,15,16.47692307692308,4366.384615384623
p87,3,a3_0,4366.384615384623,15,16.47692307692308,4382.861538461547
p59,5,a4_0,4844.215384615405,15,16.47692307692308,4860.6923076923285
p60,4,a3_0,4432.292307692315,15,16.47692307692308,4448.769230769239
p89,3,a3_0,4448.769230769239,15,16.47692307692308,4465.246153846162
p90,3,a3_0,4465.246153846162,15,16.47692307692308,4481.7230769230855
p61,5,a4_0,4860.6923076923285,15,16.47692307692308,4877.169230769252
p62,4,a3_0,4514.6769230769305,15,16.47692307692308,4531.153846153854
p91,3,a3_0,4531.153846153854,15,16.47692307692308,4547.630769230777
p63,4,a3_0,4564.1076923077,15,16.47692307692308,4580.584615384623
p6,5,a4_0,4877.169230769252,15,16.47692307692308,4893.646153846175
p64,5,a4_0,4893.646153846175,15,16.47692307692308,4910.123076923099
p94,3,a3_0,4630.015384615391,15,16.47692307692308,4646.492307692314
p95,3,a3_0,4646.492307692314,15,16.47692307692308,4662.969230769238
p65,5,a4_0,4910.123076923099,15,16.47692307692308,4926.600000000022
p96,3,a3_0,4662.969230769238,15,16.47692307692308,4679.446153846161
p66,5,a4_0,4926.600000000022,15,16.47692307692308,4943.076923076946
p97,3,a3_0,4679.446153846161,15,16.47692307692308,4695.923076923084
p98,3,a3_0,4695.923076923084,15,16.47692307692308,4712.400000000008
p67,5,a4_0,4943.076923076946,15,16.47692307692308,4959.553846153869
p68,5,a4_0,4959.553846153869,15,16.47692307692308,4976.030769230792
p69,4,a3_0,4811.261538461545,15,16.47692307692308,4827.738461538468
p70,4,a3_0,4860.692307692314,15,16.47692307692308,4877.169230769237
p71,5,a4_0,4976.030769230792,15,16.47692307692308,4992.507692307716
p72,5,a4_0,4992.507692307716,15,16.47692307692308,5008.984615384639
p73,5,a4_0,5008.984615384639,15,16.47692307692308,5025.461538461563
p7,5,a4_0,5025.461538461563,15,16.47692307692308,5041.938461538486
p74,5,a4_0,5041.938461538486,15,16.47692307692308,5058.4153846154095
p75,5,a4_0,5058.4153846154095,15,16.47692307692308,5074.892307692333
p76,5,a4_0,5091.369230769235,15,16.47692307692308,5107.846153846159
p77,5,a4_0,5124.323076923081,15,16.47692307692308,5140.800000000005
p78,4,a3_0,5173.753846153851,15,16.47692307692308,5190.230769230774
p79,5,a4_0,5206.707692307697,15,16.47692307692308,5223.18461538462
p80,4,a3_0,5256.138461538466,15,16.47692307692308,5272.615384615389
p81,5,a4_0,5289.092307692312,15,16.47692307692308,5305.569230769235
p8,4,a3_0,5338.523076923081,15,16.47692307692308,5355.000000000005
p82,5,a4_0,5371.476923076927,15,16.47692307692308,5387.9538461538505
p83,5,a4_0,5404.430769230773,15,16.47692307692308,5420.907692307696
p84,4,a3_0,5453.861538461542,15,16.47692307692308,5470.338461538466
p85,5,a4_0,5486.815384615388,15,16.47692307692308,5503.292307692312
p86,4,a3_0,5536.2461538461575,15,16.47692307692308,5552.723076923081
p87,5,a4_0,5569.2000000000035,15,16.47692307692308,5585.676923076927
p88,4,a3_0,5618.630769230773,15,16.47692307692308,5635.107692307696
p89,5,a4_0,5651.584615384619,15,16.47692307692308,5668.061538461542
p90,5,a4_0,5684.538461538465,15,16.47692307692308,5701.015384615388
p91,5,a4_0,5717.4923076923105,15,16.47692307692308,5733.969230769234
p9,4,a3_0,5766.92307692308,15,16.47692307692308,5783.400000000003
p92,4,a3_0,5816.353846153849,15,16.47692307692308,5832.830769230773
p93,4,a3_0,5865.7846153846185,15,16.47692307692308,5882.261538461542
p94,5,a4_0,5898.738461538464,15,16.47692307692308,5915.215384615388
p95,5,a4_0,5931.69230769231,15,16.47692307692308,5948.169230769234
p96,5,a4_0,5964.646153846156,15,16.47692307692308,5981.12307692308
p97,5,a4_0,5997.600000000002,15,16.47692307692308,6014.076923076926
p98,5,a4_0,6030.553846153848,15,16.47692307692308,6047.0307692307715
p99,4,a3_0,6079.984615384617,15,16.47692307692308,6096.461538461541
