,last_tool_change,relative_processing_time_deviation,machine_status,cleaning
0,True,1.0,,0
1,True,1.0,,1
2,True,0.9,,0
3,False,1.2,,0
4,True,0.9,,1
5,True,1.0,,0
6,False,1.0,,0
7,True,1.0,,0
8,True,1.0,,0
9,False,1.2,,0
10,False,1.2,,0
11,True,1.0,,0
12,False,1.0,,0
13,True,1.0,,1
14,False,1.0,,0
15,False,1.0,,0
16,False,0.9,,0
17,False,1.2,,0
18,False,1.0,,1
19,True,1.0,,1
20,True,1.0,,1
21,False,1.0,,0
22,False,1.0,,0
23,False,1.2,,0
24,True,1.0,,1
25,True,1.2,,0
26,False,1.2,,0
27,False,1.0,,0
28,True,0.9,,0
29,False,1.0,,0
30,True,1.0,,0
31,False,1.0,,0
32,True,1.0,,1
33,False,1.0,,0
34,False,1.0,,0
35,False,1.0,,1
36,False,1.2,,0
37,True,1.0,,1
38,False,1.0,,0
39,False,1.2,,0
40,True,1.2,,0
41,True,1.2,,1
42,False,1.2,,0
43,False,1.0,,1
44,True,1.2,,0
45,False,1.0,,0
46,True,1.2,,1
47,False,1.2,,1
48,False,1.2,,0
49,False,1.0,,0
50,False,1.2,,0
51,False,1.0,,0
52,True,1.2,,0
53,False,1.2,,0
54,False,1.2,,0
55,True,1.2,,0
56,False,1.2,,0
57,False,1.0,,0
58,True,1.0,,0
59,True,1.0,,0
60,False,0.9,,0
61,True,1.2,,0
62,True,1.0,,1
63,False,1.0,,0
64,False,1.0,,0
65,False,1.0,,0
66,False,1.0,,0
67,True,1.2,,0
68,False,1.0,,0
69,False,1.0,,1
70,False,1.0,,0
71,False,1.2,,0
72,False,0.9,,0
73,False,1.0,,0
74,False,1.0,,0
75,False,1.0,,0
76,False,1.0,,0
77,False,1.0,,0
78,False,1.0,,0
79,False,1.0,,0
80,True,1.2,,1
81,False,1.2,,0
82,True,1.2,,0
83,True,1.2,,0
84,False,1.2,,0
85,True,1.2,,0
86,False,1.0,,0
87,True,1.0,,0
88,False,1.2,,0
89,False,0.9,,0
90,False,1.0,,0
91,False,1.2,,1
92,True,1.2,,1
93,True,1.2,,0
94,True,1.0,,0
95,False,1.2,,0
96,True,1.0,,1
97,False,1.0,,0
98,True,1.0,,0
99,False,1.0,,0
100,False,1.0,,0
101,True,1.0,,1
102,True,1.2,,0
103,False,1.2,,0
104,True,1.0,,1
105,False,1.2,,0
106,False,0.9,,0
107,False,1.0,,0
108,False,1.0,,0
109,False,1.0,,0
110,True,1.0,,1
111,True,1.0,,1
112,False,1.0,,0
113,False,1.0,,1
114,False,1.0,,0
115,False,1.0,,0
116,False,1.2,,0
117,False,1.0,,0
118,True,1.2,,1
119,True,1.0,,1
120,False,1.0,,0
121,True,1.2,,0
122,False,1.0,,0
123,True,1.2,,1
124,False,1.2,,1
125,False,1.0,,1
126,False,1.2,,0
127,True,1.2,,1
128,True,1.0,,1
129,False,1.2,,0
130,True,1.0,,1
131,True,1.0,,1
132,False,1.0,,0
133,False,1.2,,0
134,False,1.0,,0
135,True,1.2,,0
136,False,1.0,,0
137,False,1.0,,0
138,False,1.0,,0
139,True,1.2,,0
140,False,1.2,,1
141,False,1.2,,0
142,False,1.0,,0
143,False,1.0,,0
144,True,1.0,,0
145,False,1.2,,0
146,False,0.9,,0
147,False,1.0,,1
148,False,1.2,,0
149,False,1.0,,0
150,False,1.0,,0
151,False,1.0,,0
152,False,0.9,,0
153,True,1.0,,1
154,True,1.2,,1
155,False,1.2,,0
156,True,1.0,,1
157,False,1.2,,0
158,False,1.0,,0
159,False,1.2,,0
160,True,1.2,,1
161,True,1.0,,1
162,False,1.2,,0
163,False,0.9,,0
164,True,1.0,,0
165,True,1.2,,1
166,False,1.0,,0
167,False,1.0,,0
168,False,1.2,,0
169,False,1.2,,1
170,True,1.0,,0
171,False,1.2,,1
172,True,1.0,,1
173,False,1.2,,0
174,False,1.2,,0
175,False,1.2,,0
176,False,0.9,,0
177,False,1.0,,0
178,False,1.0,,0
179,False,1.0,,0
180,True,1.2,,0
181,False,1.0,,0
182,False,1.0,,0
183,False,1.0,,0
184,True,1.2,,1
185,False,1.0,,0
186,True,1.2,,1
187,True,1.2,,1
188,False,1.0,,0
189,False,0.9,,0
190,False,1.2,,0
191,False,1.0,,0
192,True,1.2,,1
193,True,1.0,,1
194,False,1.2,,0
195,False,1.2,,0
196,False,1.0,,1
197,True,1.2,,0
198,False,0.9,,0
199,False,1.0,,0
200,False,1.0,,0
201,False,0.9,,0
202,True,0.9,,1
203,False,1.0,,0
204,True,1.0,,1
205,True,1.0,,1
206,False,1.0,,0
207,True,1.2,,0
208,False,1.0,,0
209,False,1.0,,0
210,False,1.2,,0
211,False,1.2,,0
212,False,1.2,,0
213,True,1.0,,0
214,False,1.0,,0
215,False,1.2,,0
216,True,1.0,,0
217,False,1.2,,0
218,True,1.0,,1
219,True,1.2,,0
220,False,1.0,,0
221,False,1.2,,0
222,True,1.2,,1
223,True,1.0,,0
224,False,1.0,,0
225,True,1.2,,0
226,False,0.9,,0
227,True,0.9,,1
228,False,1.0,,1
229,False,1.0,,0
230,True,1.2,,1
231,False,1.0,,0
232,False,1.0,,0
233,False,1.2,,1
234,False,1.0,,0
235,False,1.0,,0
236,True,1.2,,1
237,False,1.0,,0
238,False,0.9,,0
239,False,1.2,,0
240,False,1.0,,1
241,False,1.0,,0
242,False,1.2,,1
243,True,1.0,,0
244,False,1.0,,0
245,False,1.0,,0
246,True,1.2,,1
247,False,1.0,,1
248,True,0.9,,1
249,False,1.0,,0
250,True,1.2,,1
251,False,1.2,,0
252,False,1.2,,0
253,False,1.2,,0
254,False,1.2,,0
255,False,1.0,,0
256,True,1.0,,0
257,True,1.0,,1
258,True,1.0,,0
259,False,0.9,,0
260,True,1.0,,1
261,False,1.2,,0
262,True,1.2,,1
263,True,1.2,,0
264,False,1.2,,0
265,True,1.2,,0
266,False,1.0,,0
267,False,1.0,,0
268,False,1.0,,0
269,False,1.0,,1
270,False,1.2,,0
271,False,1.0,,0
272,True,1.2,,1
273,False,1.0,,0
274,False,1.2,,0
275,False,0.9,,0
276,True,1.0,,1
277,False,1.0,,0
278,False,1.0,,1
279,False,1.0,,0
280,False,1.2,,0
281,True,1.0,,0
282,False,1.2,,0
283,False,1.2,,0
284,False,1.0,,0
285,False,1.0,,0
286,True,1.0,,1
287,False,1.0,,1
288,True,1.2,,1
289,False,1.0,,0
290,False,0.9,,0
291,False,1.0,,0
292,False,1.0,,0
293,False,1.2,,0
294,False,1.0,,0
295,False,1.0,,0
296,False,1.2,,0
297,True,1.0,,0
298,False,1.2,,0
299,True,1.2,,1
300,False,1.0,,0
301,False,1.0,,0
302,False,1.0,,0
303,False,1.0,,0
304,False,1.0,,1
305,False,1.0,,0
306,True,1.2,,1
307,False,1.0,,0
308,False,1.0,,0
309,True,1.2,,1
310,True,1.2,,0
311,False,1.2,,0
312,False,1.0,,0
313,True,1.0,,1
314,False,1.0,,0
315,True,1.0,,1
316,False,1.0,,1
317,False,1.2,,1
318,False,1.0,,0
319,False,1.0,,0
320,False,1.0,,0
321,False,1.0,,0
322,False,1.0,,0
323,True,1.0,,0
324,False,1.0,,0
325,False,1.0,,0
326,False,1.2,,0
327,True,1.0,,1
328,False,1.0,,0
329,True,1.2,,0
330,True,1.2,,0
331,True,1.0,,0
332,False,1.0,,0
333,False,1.2,,0
334,False,1.2,,0
335,False,1.0,,0
336,True,1.2,,0
337,False,1.2,,0
338,True,1.0,,1
339,False,1.0,,0
340,True,1.0,,0
341,False,1.0,,0
342,False,1.2,,0
343,True,1.0,,1
344,False,1.0,,0
345,True,1.2,,1
346,False,1.2,,1
347,True,1.0,,0
348,True,1.2,,1
349,True,1.0,,1
350,True,1.2,,1
351,False,1.2,,0
352,False,1.2,,1
353,True,1.0,,0
354,False,1.0,,1
355,True,1.0,,0
356,False,1.0,,0
357,True,1.2,,0
358,False,1.0,,1
359,True,1.2,,0
360,False,0.9,,0
361,False,1.0,,0
362,True,1.2,,1
363,False,1.0,,0
364,True,1.2,,1
365,True,1.0,,0
366,False,1.0,,0
367,True,1.0,,1
368,False,1.2,,0
369,True,1.0,,1
370,False,1.0,,0
371,True,1.0,,1
372,True,1.0,,0
373,False,1.2,,0
374,True,1.0,,0
375,True,1.0,,0
376,False,0.9,,0
377,True,1.2,,0
378,True,1.0,,0
379,False,0.9,,0
380,True,1.0,,1
381,False,1.0,,0
382,False,1.2,,0
383,True,1.0,,1
384,False,1.2,,0
385,True,1.2,,1
386,True,0.9,,0
387,False,1.2,,0
388,False,1.0,,0
389,False,1.2,,0
390,True,1.0,,1
391,True,1.2,,0
392,False,1.0,,0
393,False,1.0,,0
394,False,1.0,,0
395,False,1.2,,0
396,True,1.2,,1
397,True,1.2,,1
398,False,1.0,,0
399,False,1.0,,0
400,False,1.0,,0
401,False,1.0,,0
402,False,1.2,,1
403,True,1.0,,1
404,False,0.9,,0
405,True,1.2,,0
406,True,1.0,,1
407,False,1.0,,0
408,False,1.0,,0
409,True,1.0,,1
410,False,1.0,,0
411,True,1.0,,0
412,False,1.0,,0
413,True,1.0,,0
414,True,1.0,,1
415,True,1.2,,1
416,False,1.0,,0
417,True,1.0,,0
418,False,1.0,,0
419,False,1.0,,0
420,True,1.0,,0
421,True,0.9,,1
422,True,1.0,,0
423,False,1.2,,0
424,False,1.0,,0
425,False,1.0,,0
426,True,1.2,,0
427,True,1.0,,0
428,True,1.2,,0
429,True,1.0,,1
430,True,1.0,,0
431,True,1.0,,0
432,False,1.0,,0
433,True,0.9,,1
434,False,1.0,,0
435,False,1.0,,0
436,False,1.0,,0
437,True,1.0,,0
438,False,1.2,,0
439,True,1.0,,1
440,False,1.0,,0
441,True,1.2,,0
442,False,1.0,,0
443,False,1.0,,0
444,False,1.0,,0
445,False,1.0,,0
446,True,1.2,,1
447,False,1.2,,0
448,True,1.2,,0
449,True,1.2,,0
450,True,1.0,,0
451,False,1.0,,0
452,True,1.2,,1
453,True,1.2,,0
454,False,1.0,,0
455,False,1.2,,1
456,True,1.0,,0
457,True,1.2,,1
458,False,1.2,,0
459,True,1.2,,1
460,True,1.2,,0
461,True,1.0,,1
462,False,1.0,,0
463,True,0.9,,0
464,False,1.0,,0
465,True,1.0,,0
466,False,1.0,,0
467,False,1.2,,0
468,False,1.2,,0
469,True,1.2,,1
470,False,1.2,,0
471,True,1.0,,0
472,True,1.2,,0
473,False,1.0,,0
474,False,0.9,,0
475,True,1.2,,1
476,False,1.0,,0
477,True,1.0,,0
478,True,1.2,,0
479,True,1.2,,0
480,False,1.0,,0
481,False,1.2,,0
482,True,1.0,,0
483,False,1.0,,0
484,False,1.2,,0
485,True,1.2,,0
486,True,1.2,,1
487,False,1.0,,0
488,True,1.0,,1
489,True,1.2,,1
490,True,1.0,,1
491,False,1.2,,0
492,False,1.0,,0
493,True,1.0,,0
494,True,1.2,,1
495,False,1.2,,0
496,False,1.0,,0
497,False,1.0,,0
498,False,1.0,,0
499,False,1.0,,0
500,True,1.0,,1
501,False,1.0,,1
502,True,1.0,,1
503,True,1.2,,0
504,True,1.2,,0
505,True,1.2,,1
506,False,1.2,,0
507,False,1.2,,0
508,True,1.0,,0
509,False,1.0,,0
510,True,1.0,,0
511,False,0.9,,0
512,True,1.0,,1
513,False,1.2,,0
514,True,1.0,,1
515,False,1.2,,0
516,False,0.9,,0
517,False,1.0,,0
518,True,1.2,,1
519,False,1.0,,0
520,False,1.0,,0
521,True,1.0,,1
522,False,1.0,,0
523,True,1.2,,1
524,False,1.0,,0
525,False,1.0,,0
526,False,0.9,,0
527,True,1.2,,0
528,False,1.2,,0
529,True,1.2,,1
530,True,0.9,,1
531,False,1.2,,0
532,True,1.2,,0
533,True,1.2,,1
534,False,0.9,,0
535,False,1.2,,0
536,True,1.2,,1
537,False,1.0,,0
538,True,0.9,,0
539,True,1.0,,0
540,False,1.0,,0
541,True,1.0,,1
542,False,1.2,,0
543,True,1.0,,1
544,True,1.2,,1
545,False,1.0,,1
546,True,1.0,,0
547,True,1.2,,0
548,False,1.0,,1
549,False,1.2,,0
550,True,1.2,,0
551,False,1.0,,0
552,True,1.0,,1
553,False,1.0,,1
554,False,1.2,,0
555,False,1.0,,0
556,True,1.0,,1
557,False,1.0,,0
558,True,1.0,,1
559,False,1.2,,0
560,True,1.2,,0
561,True,1.2,,0
562,False,1.2,,1
563,True,1.2,,0
564,False,1.0,,0
565,False,1.0,,0
566,True,1.2,,1
567,True,0.9,,1
568,True,0.9,,1
569,True,1.0,,0
570,False,1.2,,0
571,True,1.0,,0
572,True,0.9,,1
573,False,1.0,,0
574,True,1.2,,1
575,True,1.2,,0
576,False,1.2,,0
577,False,1.0,,1
578,False,1.0,,0
579,False,1.2,,0
580,True,1.0,,0
581,False,1.2,,0
582,False,1.0,,0
583,False,1.0,,0
584,True,1.0,,0
585,True,1.2,,1
586,False,0.9,,0
587,False,1.0,,0
588,True,1.0,,1
589,False,1.2,,0
590,False,1.0,,0
591,False,1.0,,0
592,False,1.0,,0
593,True,1.2,,1
594,False,1.2,,0
595,True,1.2,,1
596,True,1.0,,0
597,False,1.2,,0
598,True,1.0,,0
599,False,0.9,,0
600,True,1.2,,1
601,False,1.2,,0
602,False,1.2,,0
603,False,1.0,,0
604,False,1.0,,0
605,False,0.9,,0
606,False,0.9,,0
607,True,1.0,,0
608,False,1.2,,0
609,False,1.0,,0
610,False,1.2,,0
611,True,1.0,,1
612,True,1.0,,0
613,False,0.9,,0
614,False,1.0,,0
615,True,1.2,,1
616,False,1.2,,0
617,True,1.2,,1
618,True,1.0,,1
619,True,1.0,,1
620,False,1.0,,0
621,False,1.0,,0
622,True,1.0,,1
623,False,1.2,,0
624,False,1.2,,1
625,True,1.2,,1
626,True,1.0,,1
627,False,1.0,,0
628,False,1.0,,1
629,True,1.2,,1
630,True,1.2,,0
631,False,1.0,,1
632,False,1.0,,1
633,True,1.2,,1
634,True,1.2,,1
635,True,1.0,,0
636,False,1.0,,0
637,False,1.0,,0
638,True,1.2,,1
639,True,1.0,,0
640,False,1.0,,1
641,False,1.0,,0
642,True,1.0,,0
643,False,0.9,,0
644,False,1.0,,1
645,False,1.2,,0
646,False,1.2,,0
647,False,0.9,,0
648,False,1.2,,0
649,False,1.0,,0
650,False,1.2,,0
651,False,1.0,,0
652,True,1.2,,1
653,True,1.0,,1
654,False,1.0,,0
655,False,1.0,,0
656,True,1.2,,1
657,True,1.2,,1
658,True,1.0,,0
659,True,1.0,,0
660,False,1.0,,0
661,True,1.2,,1
662,True,1.0,,0
663,True,1.2,,1
664,True,1.2,,0
665,False,1.0,,0
666,True,1.2,,0
667,True,1.2,,1
668,True,1.0,,0
669,False,0.9,,0
670,False,1.0,,1
671,True,0.9,,0
672,False,0.9,,0
673,True,1.0,,1
674,True,1.2,,0
675,False,1.2,,0
676,True,1.0,,0
677,True,1.0,,1
678,False,1.0,,0
679,True,1.0,,0
680,False,0.9,,0
681,True,1.2,,1
682,False,1.0,,0
683,True,1.0,,1
684,True,0.9,,1
685,True,1.0,,1
686,True,1.0,,1
687,False,1.0,,0
688,False,1.2,,0
689,False,1.0,,0
690,False,1.0,,0
691,True,1.2,,1
692,False,1.0,,0
693,False,1.2,,0
694,True,1.0,,0
695,True,1.0,,0
696,True,1.2,,0
697,False,1.2,,0
698,True,0.9,,0
699,False,0.9,,0
700,True,1.2,,1
701,False,0.9,,0
702,True,0.9,,1
703,False,1.0,,0
704,True,1.0,,0
705,False,1.0,,0
706,True,1.0,,0
707,False,1.2,,0
708,True,0.9,,1
709,False,1.2,,0
710,False,1.0,,0
711,True,1.2,,0
712,False,1.0,,1
713,False,1.2,,0
714,True,1.2,,1
715,False,1.2,,0
716,True,1.2,,1
717,True,1.0,,0
718,True,1.2,,0
719,True,1.0,,1
720,False,1.0,,0
721,True,1.0,,1
722,False,1.2,,0
723,True,1.0,,1
724,False,1.2,,0
725,False,1.2,,0
726,False,1.0,,0
727,False,1.0,,0
728,False,1.0,,0
729,False,1.0,,1
730,False,1.2,,1
731,False,1.0,,0
732,False,1.2,,0
733,True,1.2,,1
734,True,1.0,,1
735,True,1.2,,0
736,True,1.0,,1
737,False,1.0,,0
738,True,1.0,,0
739,True,1.2,,1
740,False,1.2,,0
741,True,0.9,,0
742,False,1.0,,0
743,False,1.2,,0
744,False,1.0,,1
745,False,1.0,,0
746,True,1.0,,0
747,False,1.0,,0
748,False,1.0,,1
749,False,1.2,,0
750,False,1.0,,0
751,False,1.0,,0
752,True,1.2,,0
753,False,1.2,,0
754,False,1.2,,0
755,True,1.2,,0
756,False,1.0,,0
757,False,1.0,,0
758,True,1.2,,1
759,False,1.0,,0
760,False,0.9,,0
761,False,0.9,,0
762,True,1.2,,0
763,False,1.0,,1
764,False,1.2,,0
765,False,1.2,,0
766,False,1.0,,0
767,False,1.2,,0
768,True,1.0,,1
769,False,1.0,,0
770,True,1.2,,0
771,False,1.0,,0
772,True,1.0,,1
773,False,0.9,,0
774,False,1.0,,0
775,False,0.9,,0
776,False,1.0,,0
777,True,1.2,,0
778,False,1.0,,0
779,True,1.0,,1
780,True,1.0,,1
781,True,0.9,,1
782,True,1.0,,1
783,False,1.0,,1
784,True,1.2,,0
785,False,1.0,,0
786,True,1.2,,1
787,False,1.2,,0
788,False,1.0,,0
789,True,1.2,,0
790,False,1.0,,1
791,False,0.9,,0
792,False,1.2,,0
793,False,1.2,,0
794,False,0.9,,0
795,True,1.0,,1
796,False,1.0,,0
797,False,1.0,,0
798,False,0.9,,1
799,False,1.0,,0
800,False,1.0,,0
801,False,1.0,,0
802,False,1.2,,0
803,False,1.0,,0
804,False,1.0,,0
805,False,1.2,,0
806,False,1.0,,0
807,False,1.2,,1
808,False,1.0,,1
809,False,1.0,,0
810,True,1.2,,0
811,False,1.0,,0
812,False,1.0,,0
813,True,1.2,,1
814,False,1.0,,0
815,False,1.2,,0
816,True,1.0,,0
817,True,1.2,,0
818,False,1.2,,0
819,True,1.0,,1
820,False,1.0,,0
821,False,1.0,,0
822,False,1.0,,0
823,False,1.0,,0
824,False,0.9,,0
825,True,1.2,,0
826,False,1.2,,0
827,False,1.2,,0
828,True,1.0,,0
829,False,1.0,,0
830,True,1.2,,1
831,False,1.0,,0
832,True,0.9,,1
833,False,1.0,,0
834,True,1.2,,0
835,False,1.0,,1
836,True,1.0,,0
837,False,1.0,,0
838,True,1.2,,1
839,True,1.0,,0
840,False,1.0,,0
841,True,1.2,,1
842,True,1.2,,0
843,False,1.2,,1
844,True,1.0,,1
845,False,1.0,,0
846,True,1.2,,1
847,False,1.0,,0
848,True,1.0,,0
849,False,1.2,,0
850,True,1.0,,0
851,False,1.0,,0
852,False,1.2,,0
853,True,1.0,,1
854,True,1.0,,1
855,False,1.2,,0
856,False,1.0,,0
857,False,1.0,,0
858,False,1.2,,0
859,False,1.0,,0
860,False,1.2,,0
861,True,1.2,,1
862,True,1.0,,0
863,True,1.2,,0
864,True,1.0,,1
865,False,1.0,,0
866,False,1.0,,1
867,False,1.2,,0
868,False,1.2,,0
869,True,1.2,,0
870,False,1.0,,0
871,True,1.2,,0
872,True,1.2,,1
873,True,1.2,,0
874,False,1.0,,0
875,True,1.2,,1
876,False,1.2,,0
877,False,1.2,,0
878,False,1.0,,0
879,False,0.9,,0
880,False,1.2,,0
881,False,1.2,,0
882,False,1.0,,0
883,True,1.2,,0
884,False,1.0,,1
885,False,1.0,,0
886,True,1.0,,1
887,True,1.2,,1
888,False,1.2,,0
889,False,1.0,,1
890,False,1.0,,0
891,False,1.2,,0
892,True,1.0,,1
893,False,1.2,,0
894,False,1.0,,0
895,False,1.2,,1
896,True,1.2,,0
897,True,1.0,,0
898,False,1.2,,0
899,False,1.2,,1
900,False,1.0,,0
901,False,1.0,,0
902,False,1.0,,0
903,False,1.2,,0
904,False,0.9,,0
905,False,0.9,,0
906,False,1.2,,0
907,False,1.0,,0
908,False,1.0,,0
909,False,1.0,,0
910,True,1.0,,1
911,False,1.0,,0
912,True,1.0,,0
913,True,1.0,,1
914,False,1.0,,0
915,True,1.2,,0
916,True,1.2,,1
917,True,1.2,,1
918,True,1.0,,1
919,False,1.0,,0
920,False,1.2,,0
921,True,0.9,,1
922,False,0.9,,0
923,True,1.2,,1
924,False,1.0,,0
925,False,1.2,,0
926,True,0.9,,0
927,False,1.0,,0
928,True,1.0,,1
929,False,1.0,,0
930,True,0.9,,1
931,True,1.0,,0
932,False,1.2,,1
933,False,1.0,,1
934,True,1.0,,1
935,False,1.0,,0
936,True,1.2,,0
937,False,1.0,,0
938,False,1.2,,0
939,True,1.2,,1
940,False,1.0,,0
941,True,1.2,,1
942,False,1.0,,0
943,False,1.2,,0
944,False,1.0,,0
945,False,1.0,,0
946,False,1.0,,0
947,False,1.0,,0
948,True,1.2,,1
949,True,1.0,,0
950,False,1.2,,0
951,False,1.0,,0
952,True,1.2,,0
953,False,1.0,,0
954,True,1.2,,1
955,True,1.0,,1
956,True,1.0,,0
957,False,1.0,,1
958,False,1.0,,0
959,False,1.0,,0
960,False,1.2,,1
961,False,1.2,,0
962,False,1.0,,0
963,False,1.2,,0
964,False,0.9,,0
965,False,0.9,,0
966,False,1.0,,1
967,False,1.0,,0
968,False,1.0,,0
969,False,1.2,,0
970,False,1.0,,0
971,False,1.0,,0
972,False,1.0,,0
973,True,1.2,,0
974,True,1.2,,0
975,True,1.2,,0
976,True,1.2,,0
977,True,1.0,,1
978,False,1.0,,1
979,False,1.0,,0
980,False,1.0,,0
981,False,1.0,,0
982,True,1.0,,1
983,False,1.0,,0
984,False,1.0,,0
985,True,1.2,,0
986,False,1.0,,0
987,False,1.0,,0
988,False,1.0,,0
989,False,1.2,,0
990,True,1.2,,1
991,False,1.0,,0
992,False,1.2,,0
993,True,1.0,,1
994,False,1.2,,0
995,True,1.0,,0
996,True,1.2,,0
997,True,1.0,,1
998,False,1.0,,0
999,True,0.9,,0
1000,False,1.2,,0
1001,True,1.2,,1
1002,False,1.0,,0
1003,True,1.0,,1
1004,True,1.0,,1
1005,True,1.2,,1
1006,False,1.0,,0
1007,False,1.0,,0
1008,True,1.0,,1
1009,False,1.0,,0
1010,True,1.0,,1
1011,False,1.0,,0
1012,False,1.0,,1
1013,False,1.2,,0
1014,True,1.2,,1
1015,False,1.0,,0
1016,False,1.2,,1
1017,False,1.0,,0
1018,False,1.0,,0
1019,False,1.2,,0
1020,False,1.0,,0
1021,False,1.0,,1
1022,True,0.9,,0
1023,False,1.2,,0
1024,True,1.0,,0
1025,False,1.0,,0
1026,False,0.9,,0
1027,False,1.2,,0
1028,True,1.0,,0
1029,False,1.0,,1
1030,True,1.0,,1
1031,False,1.2,,0
1032,True,1.0,,1
1033,True,1.2,,1
1034,True,1.2,,1
1035,False,1.2,,0
1036,True,1.2,,1
1037,True,0.9,,0
1038,True,1.2,,0
1039,False,1.0,,0
1040,False,1.2,,0
1041,True,1.0,,0
1042,True,1.2,,1
1043,True,1.0,,1
1044,False,1.2,,1
1045,False,1.0,,0
1046,False,1.0,,1
1047,False,0.9,,0
1048,False,1.0,,0
1049,True,1.0,,0
1050,False,1.0,,1
1051,False,1.0,,0
1052,False,1.0,,0
1053,False,0.9,,0
1054,True,1.2,,1
1055,False,1.0,,1
1056,False,0.9,,0
1057,False,1.0,,0
1058,False,1.0,,0
1059,True,1.2,,1
1060,False,1.0,,0
1061,False,1.0,,0
1062,False,1.0,,0
1063,True,1.2,,1
1064,False,1.0,,1
1065,False,1.2,,0
1066,True,1.2,,0
1067,True,1.0,,0
1068,True,1.2,,1
1069,False,1.0,,0
1070,False,0.9,,0
1071,False,1.0,,0
1072,True,1.0,,1
1073,False,1.2,,0
1074,False,1.0,,0
1075,False,1.2,,0
1076,False,1.2,,0
1077,False,1.2,,0
1078,False,1.0,,0
1079,False,1.0,,1
1080,True,1.0,,0
1081,False,1.0,,0
1082,True,1.2,,0
1083,True,1.0,,0
1084,False,1.2,,0
1085,False,1.0,,0
1086,False,1.0,,0
1087,True,1.2,,0
1088,False,1.2,,0
1089,False,1.2,,0
1090,True,0.9,,0
1091,True,1.0,,1
1092,True,1.0,,0
1093,False,1.2,,0
1094,True,1.2,,1
1095,False,0.9,,0
1096,False,1.0,,0
1097,False,1.0,,0
1098,False,1.2,,0
1099,False,1.2,,0
1100,False,1.2,,0
1101,False,1.0,,1
1102,True,1.0,,1
1103,True,1.2,,0
1104,False,1.0,,0
1105,False,1.0,,1
1106,False,1.2,,1
1107,False,1.2,,0
1108,True,1.0,,0
1109,True,1.0,,1
1110,True,1.0,,1
1111,True,1.0,,0
1112,False,1.2,,0
1113,True,1.0,,0
1114,True,1.2,,0
1115,True,1.2,,1
1116,False,1.2,,0
1117,True,1.0,,0
1118,True,1.0,,0
1119,True,1.2,,1
1120,False,1.2,,0
1121,False,1.0,,0
1122,True,1.0,,0
1123,True,1.2,,1
1124,False,0.9,,1
1125,True,1.0,,1
1126,True,1.2,,0
1127,True,1.0,,0
1128,True,1.2,,0
1129,True,1.2,,1
1130,False,1.2,,0
1131,False,1.2,,0
1132,True,1.2,,0
1133,True,1.0,,1
1134,False,1.2,,0
1135,True,1.2,,1
1136,True,1.0,,1
1137,True,1.0,,0
1138,False,1.0,,0
1139,True,1.0,,1
1140,True,0.9,,1
1141,True,1.0,,0
1142,True,1.2,,0
1143,True,1.0,,1
1144,False,1.2,,1
1145,False,1.0,,0
1146,False,1.0,,0
1147,False,1.0,,0
1148,True,1.0,,0
1149,False,1.0,,0
1150,False,1.0,,0
1151,False,1.2,,0
1152,True,1.0,,1
1153,True,1.0,,0
1154,False,1.0,,0
1155,False,1.2,,0
1156,True,1.0,,0
1157,True,1.2,,1
1158,False,1.2,,1
1159,False,1.0,,0
1160,False,1.2,,1
1161,True,1.2,,1
1162,False,1.0,,0
1163,False,1.0,,0
1164,True,1.2,,0
1165,False,1.2,,0
1166,True,1.2,,1
1167,True,1.0,,0
1168,False,1.0,,0
1169,False,1.2,,0
1170,True,1.2,,1
1171,False,1.2,,0
1172,False,1.0,,0
1173,True,1.2,,0
1174,True,1.0,,1
1175,False,1.0,,0
1176,True,1.2,,1
1177,True,1.0,,0
1178,True,1.2,,1
1179,False,1.0,,0
1180,True,1.2,,1
1181,True,1.0,,1
1182,True,1.0,,1
1183,True,1.2,,0
1184,False,1.2,,0
1185,True,1.2,,0
1186,False,0.9,,0
1187,True,1.0,,0
1188,False,1.2,,0
1189,True,1.2,,1
1190,True,1.0,,0
1191,False,1.0,,0
1192,False,1.0,,0
1193,True,1.0,,0
1194,False,1.0,,0
1195,True,1.2,,1
1196,False,1.0,,1
1197,False,1.2,,0
1198,False,0.9,,0
1199,True,1.2,,1
1200,False,1.2,,0
1201,True,1.0,,0
1202,True,1.0,,0
1203,True,1.2,,1
1204,True,1.0,,1
1205,False,1.2,,0
1206,False,1.0,,0
1207,True,1.0,,1
1208,True,1.2,,0
1209,True,1.2,,1
1210,True,1.0,,1
1211,False,1.2,,0
1212,False,1.2,,0
1213,True,1.0,,1
1214,False,1.0,,0
1215,False,1.0,,0
1216,True,1.2,,1
1217,True,1.2,,0
1218,True,1.0,,1
1219,False,0.9,,0
1220,False,1.0,,0
1221,True,1.0,,1
1222,True,1.0,,1
1223,False,1.2,,0
1224,True,1.0,,0
1225,True,1.0,,0
1226,True,1.2,,1
1227,True,1.0,,1
1228,False,1.2,,0
1229,True,1.2,,0
1230,False,1.2,,0
1231,True,1.0,,0
1232,True,1.2,,0
1233,False,1.2,,0
1234,True,1.0,,0
1235,True,1.0,,1
1236,False,1.2,,0
1237,True,1.2,,1
1238,True,1.2,,0
1239,False,1.0,,0
1240,True,1.2,,0
1241,False,1.0,,0
1242,True,1.0,,1
1243,True,1.2,,0
1244,True,1.2,,1
1245,False,1.0,,0
1246,False,1.2,,0
1247,False,1.0,,0
1248,True,1.2,,1
1249,True,0.9,,1
1250,True,1.0,,0
1251,True,1.2,,1
1252,False,1.0,,1
1253,False,1.0,,0
1254,False,1.0,,0
1255,False,1.0,,0
1256,True,1.0,,0
1257,True,1.0,,1
1258,True,1.2,,0
1259,False,1.0,,0
1260,True,1.0,,0
1261,False,1.0,,0
1262,False,1.2,,0
1263,True,1.0,,1
1264,True,1.0,,1
1265,False,0.9,,0
1266,False,1.0,,0
1267,True,1.0,,0
1268,True,1.2,,1
1269,False,1.0,,0
1270,False,1.0,,1
1271,True,1.2,,0
1272,False,1.0,,0
1273,False,1.2,,0
1274,False,1.2,,0
1275,False,1.0,,1
1276,True,1.0,,1
1277,False,1.0,,0
1278,True,1.2,,0
1279,True,1.0,,0
1280,True,1.0,,1
1281,False,1.0,,0
1282,False,1.0,,0
1283,True,1.0,,0
1284,True,1.0,,0
1285,False,1.2,,0
1286,True,1.2,,0
1287,True,1.0,,1
1288,False,1.2,,0
1289,True,1.0,,0
1290,True,0.9,,1
1291,False,1.2,,0
1292,True,0.9,,0
1293,True,1.2,,0
1294,True,1.0,,0
1295,True,1.0,,0
1296,True,0.9,,1
1297,False,1.0,,0
1298,True,1.0,,1
1299,True,1.0,,1
1300,True,1.0,,1
1301,False,1.0,,0
1302,True,1.0,,0
1303,True,1.0,,1
1304,False,1.0,,1
1305,False,0.9,,0
1306,True,1.2,,1
1307,False,1.2,,0
1308,True,1.0,,1
1309,False,1.2,,0
1310,False,1.2,,0
1311,True,1.0,,1
1312,False,1.0,,0
1313,True,1.0,,1
1314,True,0.9,,0
1315,False,1.2,,0
1316,False,1.0,,0
1317,False,1.0,,1
1318,False,1.2,,0
1319,True,1.2,,1
1320,False,1.0,,1
1321,False,1.0,,0
1322,True,1.0,,0
1323,False,1.0,,0
1324,True,1.0,,1
1325,False,0.9,,0
1326,False,1.2,,1
1327,True,0.9,,1
1328,False,1.0,,0
1329,False,1.0,,0
1330,True,1.2,,1
1331,True,1.0,,0
1332,False,1.0,,0
1333,False,1.2,,0
1334,True,1.2,,0
1335,True,1.0,,1
1336,True,0.9,,1
1337,True,1.0,,1
1338,False,1.2,,0
1339,True,1.0,,1
1340,False,1.0,,0
1341,False,1.0,,0
1342,True,0.9,,1
1343,False,1.0,,0
1344,True,1.2,,1
1345,True,1.0,,1
1346,True,1.2,,1
1347,True,0.9,,1
1348,True,1.0,,1
1349,True,1.2,,0
1350,True,1.0,,1
1351,True,1.0,,0
1352,True,1.2,,0
1353,False,1.0,,0
1354,True,1.2,,1
1355,False,1.2,,0
1356,False,1.0,,0
1357,False,1.2,,0
1358,True,1.0,,0
1359,False,1.2,,0
1360,False,1.0,,0
1361,True,1.2,,1
1362,False,1.2,,0
1363,False,1.0,,0
1364,True,1.2,,1
1365,False,1.0,,0
1366,True,0.9,,0
1367,True,1.2,,1
1368,True,1.0,,0
1369,True,1.2,,0
1370,True,1.2,,1
1371,True,1.0,,0
1372,True,0.9,,1
1373,True,1.0,,1
1374,True,1.0,,1
1375,False,1.2,,0
1376,True,1.0,,0
1377,False,1.2,,0
1378,False,1.0,,1
1379,False,1.0,,0
1380,False,1.0,,0
1381,False,1.2,,0
1382,False,1.0,,0
1383,False,1.2,,0
1384,False,1.0,,0
1385,False,1.0,,1
1386,False,1.0,,0
1387,False,1.2,,0
1388,True,1.2,,0
1389,True,1.2,,1
1390,True,1.0,,1
1391,True,1.2,,0
1392,True,1.0,,1
1393,True,1.0,,0
1394,False,0.9,,0
1395,False,1.0,,0
1396,False,1.0,,0
1397,False,1.0,,1
1398,True,1.0,,1
1399,True,1.2,,0
1400,False,0.9,,0
1401,False,1.0,,0
1402,True,1.2,,1
1403,False,1.0,,0
1404,True,1.0,,1
1405,False,1.2,,0
1406,False,0.9,,0
1407,False,1.2,,0
1408,False,1.0,,0
1409,False,1.0,,0
1410,False,1.0,,0
1411,False,1.0,,0
1412,False,1.0,,0
1413,False,1.2,,0
1414,False,1.0,,1
1415,False,1.0,,0
1416,False,1.0,,0
1417,False,1.2,,1
1418,False,1.2,,0
1419,True,1.0,,0
1420,True,1.0,,1
1421,False,1.2,,0
1422,False,1.2,,0
1423,True,1.0,,0
1424,True,1.2,,0
1425,False,1.0,,1
1426,False,1.0,,0
1427,False,1.0,,0
1428,False,1.2,,1
1429,False,1.2,,0
1430,False,1.0,,1
1431,True,1.2,,0
1432,True,1.2,,1
1433,False,1.0,,0
1434,False,0.9,,0
1435,False,1.0,,0
1436,True,1.0,,0
1437,False,1.0,,0
1438,True,1.0,,0
1439,False,1.0,,0
1440,False,0.9,,0
1441,True,1.0,,1
1442,False,1.0,,0
1443,True,1.2,,1
1444,False,1.0,,0
1445,True,1.2,,1
1446,True,1.0,,1
1447,False,1.0,,0
1448,False,0.9,,0
1449,False,1.2,,1
1450,True,1.0,,1
1451,False,1.0,,0
1452,True,1.2,,0
1453,False,1.0,,0
1454,False,0.9,,0
1455,False,1.2,,0
1456,False,0.9,,0
1457,False,1.2,,0
1458,False,1.0,,0
1459,False,1.2,,0
1460,False,1.2,,0
1461,False,1.2,,0
1462,False,1.0,,0
1463,True,1.2,,0
1464,True,1.2,,1
1465,False,1.0,,0
1466,False,0.9,,0
1467,False,0.9,,0
1468,False,1.0,,0
1469,False,1.2,,0
1470,False,1.2,,0
1471,False,1.0,,0
1472,False,1.2,,0
1473,False,1.2,,0
1474,True,1.0,,1
1475,True,1.2,,1
1476,False,1.2,,0
1477,False,1.0,,0
1478,False,0.9,,1
1479,False,1.0,,0
1480,True,1.0,,0
1481,True,1.2,,1
1482,False,1.2,,0
1483,False,1.0,,0
1484,False,1.2,,0
1485,False,0.9,,0
1486,False,1.0,,0
1487,False,1.0,,0
1488,True,1.2,,1
1489,True,1.0,,0
1490,True,1.2,,1
1491,True,1.2,,0
1492,False,1.0,,0
1493,False,1.0,,0
1494,True,1.0,,1
1495,True,0.9,,1
1496,True,1.0,,0
1497,True,1.0,,1
1498,False,0.9,,1
1499,False,1.0,,0
1500,False,1.0,,0
1501,False,0.9,,1
1502,False,1.2,,0
1503,False,1.0,,0
1504,False,1.0,,0
1505,False,0.9,,1
1506,False,1.0,,0
1507,False,1.2,,0
1508,False,1.2,,1
1509,False,1.2,,0
1510,False,1.2,,0
1511,False,1.0,,0
1512,False,1.0,,0
1513,False,1.2,,0
1514,False,1.2,,0
1515,True,1.0,,1
1516,True,1.0,,1
1517,False,1.0,,0
1518,False,1.2,,1
1519,False,1.2,,1
1520,True,1.0,,0
1521,True,1.0,,1
1522,False,1.0,,0
1523,False,1.0,,0
1524,False,1.2,,0
1525,False,1.0,,0
1526,False,1.0,,0
1527,False,1.0,,0
1528,False,1.0,,1
1529,False,1.0,,0
1530,False,1.2,,0
1531,False,1.0,,0
1532,False,1.0,,0
1533,False,1.2,,0
1534,False,1.0,,0
1535,True,1.2,,1
1536,True,1.2,,0
1537,False,0.9,,0
1538,False,1.2,,0
1539,False,1.0,,1
1540,False,1.0,,0
1541,True,1.0,,0
1542,True,1.2,,1
1543,False,1.0,,0
1544,False,1.0,,0
1545,False,1.0,,0
1546,False,1.0,,0
1547,False,1.0,,0
1548,True,1.2,,1
1549,True,1.0,,1
1550,False,1.2,,0
1551,False,1.2,,0
1552,False,1.2,,1
1553,False,1.2,,0
1554,False,1.0,,0
1555,False,1.0,,0
1556,False,1.0,,0
1557,False,1.0,,0
1558,True,1.2,,0
1559,True,1.0,,0
1560,False,1.0,,0
1561,False,1.2,,1
1562,False,1.0,,0
1563,True,1.0,,0
1564,True,1.0,,1
1565,False,1.0,,0
1566,False,0.9,,0
1567,False,1.2,,1
1568,False,1.0,,0
1569,False,1.0,,0
1570,True,1.0,,1
1571,False,1.0,,0
1572,False,1.2,,0
1573,True,1.2,,0
1574,False,1.0,,1
1575,False,1.0,,0
1576,True,1.0,,1
1577,True,1.0,,0
1578,False,0.9,,0
1579,False,1.2,,0
1580,True,1.2,,1
1581,True,1.2,,0
1582,True,1.0,,1
1583,True,0.9,,1
1584,False,1.2,,0
1585,True,1.0,,1
1586,True,1.0,,0
1587,False,1.2,,0
1588,False,1.0,,0
1589,False,1.2,,0
1590,False,1.0,,0
1591,False,1.2,,0
1592,False,1.0,,0
1593,False,1.2,,0
1594,True,1.0,,1
1595,False,1.2,,0
1596,True,1.2,,1
1597,False,1.0,,0
1598,False,1.2,,0
1599,False,0.9,,1
1600,False,1.2,,0
1601,False,1.0,,0
1602,False,1.0,,0
1603,False,0.9,,0
1604,False,1.2,,0
1605,False,1.0,,0
1606,False,1.0,,0
1607,False,1.2,,0
1608,False,1.0,,0
1609,False,1.2,,0
1610,False,1.0,,0
1611,False,1.0,,0
1612,True,1.0,,1
1613,True,1.2,,1
1614,False,1.2,,0
1615,False,1.2,,0
1616,True,1.2,,1
1617,True,1.0,,1
1618,False,1.0,,0
1619,False,1.0,,0
1620,False,1.0,,0
1621,False,1.2,,0
1622,True,1.2,,0
1623,True,1.0,,0
1624,True,1.0,,1
1625,True,1.2,,0
1626,False,1.0,,0
1627,False,1.0,,0
1628,False,1.0,,0
1629,False,1.0,,0
1630,False,1.0,,0
1631,False,1.2,,0
1632,True,1.2,,1
1633,True,1.2,,0
1634,True,1.0,,1
1635,True,1.2,,0
1636,True,1.2,,1
1637,True,1.0,,0
1638,False,1.2,,0
1639,False,1.0,,0
1640,False,1.2,,0
1641,False,1.0,,0
1642,False,1.2,,0
1643,True,1.2,,1
1644,True,1.2,,0
1645,True,1.2,,1
1646,True,1.2,,0
1647,False,1.0,,0
1648,False,1.0,,0
1649,False,1.2,,0
1650,False,1.2,,1
1651,False,1.0,,0
1652,False,1.0,,0
1653,False,1.0,,0
1654,False,1.0,,0
1655,False,1.0,,0
1656,True,1.0,,1
1657,True,1.0,,1
1658,False,1.2,,0
1659,False,1.0,,0
1660,False,1.2,,0
1661,False,1.0,,1
1662,False,0.9,,1
1663,False,0.9,,0
1664,False,1.0,,1
1665,False,1.2,,0
1666,False,1.0,,0
1667,False,1.0,,0
1668,True,1.0,,1
1669,True,1.0,,0
1670,False,1.0,,0
1671,False,1.2,,0
1672,False,1.2,,0
1673,True,1.0,,0
1674,True,1.0,,1
1675,False,1.0,,0
1676,True,1.2,,1
1677,True,1.2,,1
1678,False,1.0,,0
1679,False,1.2,,0
1680,False,1.0,,0
1681,False,1.0,,0
1682,False,1.0,,0
1683,True,1.0,,0
1684,True,1.0,,0
1685,False,1.0,,0
1686,False,1.0,,0
1687,False,1.2,,1
1688,False,1.0,,0
1689,False,1.2,,1
1690,False,1.0,,0
1691,False,1.2,,0
1692,False,1.0,,0
1693,False,1.0,,0
1694,False,1.0,,0
1695,False,1.2,,0
1696,False,1.0,,0
1697,False,1.0,,1
1698,False,1.2,,0
1699,False,1.2,,0
1700,False,1.2,,0
1701,True,1.0,,0
1702,True,1.2,,1
1703,False,1.0,,0
1704,True,1.2,,0
1705,True,1.0,,0
1706,True,1.0,,1
1707,False,1.0,,0
1708,True,0.9,,1
1709,True,1.2,,0
1710,True,1.2,,0
1711,False,1.2,,0
1712,False,1.2,,0
1713,True,1.2,,0
1714,False,1.2,,0
1715,False,1.0,,0
1716,True,1.2,,1
1717,True,1.2,,1
1718,False,1.2,,0
1719,True,1.0,,1
1720,True,1.0,,0
1721,True,1.2,,1
1722,True,1.2,,1
1723,True,1.2,,1
1724,False,1.2,,0
1725,False,1.2,,0
1726,False,1.0,,1
1727,True,1.2,,0
1728,True,1.0,,0
1729,False,1.0,,0
1730,False,1.0,,0
1731,False,1.0,,0
1732,True,1.0,,1
1733,True,1.0,,1
1734,False,1.0,,0
1735,False,1.0,,0
1736,True,1.0,,0
1737,False,1.2,,0
1738,True,1.2,,1
1739,True,1.0,,1
1740,True,1.0,,1
1741,False,1.2,,0
1742,True,1.0,,1
1743,False,1.2,,0
1744,True,1.2,,1
1745,True,1.0,,0
1746,False,1.0,,0
1747,False,1.0,,0
1748,True,0.9,,0
1749,False,1.2,,0
1750,False,0.9,,0
1751,False,1.0,,0
1752,True,1.2,,1
1753,False,1.2,,0
1754,False,1.0,,0
1755,False,1.2,,1
1756,True,1.2,,1
1757,True,1.2,,0
1758,True,1.2,,0
1759,False,1.0,,0
1760,False,1.0,,0
1761,True,1.0,,1
1762,False,0.9,,0
1763,False,0.9,,0
1764,True,1.2,,0
1765,True,1.0,,0
1766,False,1.0,,0
1767,True,1.2,,1
1768,False,1.0,,0
1769,True,1.2,,0
1770,True,1.0,,1
1771,True,1.0,,1
1772,False,1.0,,1
1773,True,1.0,,0
1774,False,1.0,,0
1775,True,1.2,,0
1776,True,1.0,,1
1777,False,1.2,,0
1778,True,0.9,,0
1779,False,1.0,,0
1780,False,1.0,,0
1781,False,1.2,,0
1782,True,1.0,,0
1783,True,1.2,,0
1784,True,1.2,,0
1785,True,1.0,,0
1786,True,1.2,,1
1787,False,1.0,,0
1788,False,1.2,,0
1789,False,1.2,,1
1790,False,1.2,,0
1791,True,1.0,,0
1792,False,1.2,,0
1793,True,1.0,,0
1794,True,1.0,,0
1795,True,1.2,,1
1796,True,1.2,,0
1797,True,1.0,,0
1798,True,1.0,,0
1799,False,1.2,,0
