,last_tool_change,relative_processing_time_deviation,machine_status,cleaning
0,True,0.8947483220966824,0,0
1,True,0.8847568485852291,1,1
2,False,1.1001332087002222,0,0
3,False,1.0285816172301185,0,1
4,True,1.1190143190122146,1,1
5,False,1.005228251128208,0,0
6,False,1.043624009277866,0,0
7,False,1.0962857046993781,0,0
8,False,1.0152600605991946,1,1
9,False,0.9748455636306489,0,0
10,False,1.0152763601681967,0,0
11,False,0.8576619498480453,0,0
12,False,1.0195515604263439,0,0
13,False,0.9392310674234831,0,1
14,True,0.988884267680366,0,0
15,False,1.2147622521201398,0,0
16,False,1.0123217861771465,1,0
17,True,1.1229411490071373,0,0
18,False,1.0617216572807682,0,0
19,False,1.0400699521058336,0,1
20,False,0.9938627596515731,1,0
21,False,1.0048238044957905,0,0
22,False,0.8041973040797522,0,1
23,True,1.188014294452711,1,1
24,True,1.0456900172584627,0,0
25,False,0.776019109205815,0,0
26,True,0.8249532663200205,0,0
27,False,0.9587368550983724,0,0
28,True,0.8686809938347525,1,0
29,False,1.0625774260343346,0,0
30,False,0.995345869716494,0,0
31,False,1.1856705538383223,0,0
32,False,1.0911602221673742,0,0
33,False,1.0384362394387536,0,0
34,True,0.7937593863704395,0,1
35,True,1.1007273195301608,0,1
36,False,1.1146984996479752,0,0
37,True,0.9841090173350301,0,0
38,True,0.9883188722361091,1,1
39,True,1.2019269897148532,0,1
40,False,1.0521235075699997,0,0
41,True,0.9935939773401271,0,0
42,False,0.9297528066715741,0,1
43,False,1.0421910592013266,0,0
44,False,1.003607104847479,0,0
45,False,0.8955175053762008,0,1
46,False,1.0659859989213551,0,0
47,False,1.0627380234424857,1,0
48,False,0.9292268529828489,0,1
49,True,0.8409772105778648,1,0
50,False,0.9511517649982855,0,0
51,False,1.0229986980592036,1,0
52,False,0.8320093230605438,0,0
53,True,0.9396793346286192,1,0
54,True,0.9227682011396786,0,1
55,False,0.9748934730156807,0,0
56,False,1.0996137026398978,0,0
57,True,1.0232259071237169,1,1
58,False,0.9690907408809157,0,0
59,False,1.0866065784492867,1,0
60,False,0.9709434702120002,0,0
61,False,0.8853320379992492,0,0
62,False,1.2689151691078,0,0
63,False,0.9361796306653997,0,0
64,True,0.9540752386405265,1,0
65,False,1.0182574304173815,0,1
66,False,1.080448613662286,0,0
67,False,1.1593217160857479,0,0
68,False,0.9216730382301821,0,0
69,False,1.1133609075197854,0,0
70,False,0.9579950546122871,1,0
71,True,1.0436485505569597,0,0
72,False,1.0955351249300709,0,0
73,False,1.16864132169717,0,0
74,True,1.0362538323524748,0,0
75,True,1.0643914434250508,0,0
76,False,0.9135712884666201,0,0
77,True,0.908268992055089,0,1
78,False,1.000065849812909,0,0
79,False,1.261393547822545,0,0
80,False,0.9889202422939932,0,0
81,True,1.0536053131930245,0,0
82,False,1.2245079882195984,1,0
83,False,0.860752214597202,0,1
84,True,0.9824796124278287,0,0
85,False,0.9396496382454433,0,0
86,False,1.1298023610037051,0,0
87,False,0.9638150039066252,0,0
88,True,0.9418213598664923,1,1
89,True,1.0616680146648654,0,1
90,False,0.9978423354568202,0,1
91,True,1.2065712886202222,0,1
92,True,1.2646724236273692,1,1
93,True,1.0173079505975287,0,1
94,True,0.9780879796225419,0,0
95,False,1.1329075470004055,0,1
96,True,0.9662494390239631,0,1
97,True,0.8318685979363764,1,1
98,False,0.9196685620820418,0,0
99,True,1.0890038106455817,0,1
100,False,0.9369634513540329,0,0
101,False,1.0874174646432848,0,0
102,False,1.0566925872791773,0,0
103,False,0.8448085992508707,0,1
104,True,1.061893852382188,1,0
105,True,1.1963373906623245,1,1
106,True,0.9386535072687531,1,0
107,True,0.9306947967461331,1,0
108,True,0.8182917769488549,0,1
109,True,1.1962332753465938,1,1
110,True,1.0295034102657883,1,1
111,False,1.0395119083094155,0,0
112,False,0.8683875230569633,0,1
113,True,1.1658220166356998,1,0
114,True,1.0467238677694983,1,1
115,False,1.1131307389631606,0,0
116,True,0.9667339571857007,1,0
117,True,0.8649137207786762,1,1
118,True,1.0521388071122384,0,0
119,True,0.9445974113443688,0,0
120,True,0.8051535543728051,1,0
121,False,0.9837387152863035,1,0
122,True,1.1820184651937642,1,0
123,False,1.0043797235602365,0,0
124,False,0.9259835103018683,0,0
125,False,0.9328290512907881,0,0
126,True,1.401357830540371,0,1
127,False,0.9435110016175692,0,0
128,True,0.7826100476296549,1,1
129,False,0.828889706440199,0,0
130,False,1.006539941996106,0,1
131,False,0.9346396193100696,0,0
132,False,0.921841119175666,0,0
133,True,0.7809531783472567,1,1
134,False,0.925276626847862,0,0
135,False,0.7703943378971092,1,0
136,False,1.1118038724315396,0,0
137,False,0.8779524508417611,0,0
138,True,1.1535617818898678,1,0
139,False,0.6190545186830984,1,0
140,False,1.0108375388271602,0,0
141,False,0.7088017487240981,0,1
142,False,1.0797504798165256,0,0
143,True,1.1774940513717156,1,1
144,False,0.9222861528129339,0,0
145,True,0.9827157164772379,1,0
146,False,1.0449432985127898,0,0
147,True,1.1739029221928456,0,0
148,True,1.0902569315386537,0,0
149,False,1.095915753298737,0,0
150,True,0.7776563630616371,1,0
151,False,1.0826094743497885,0,0
152,True,0.883718619439849,0,0
153,False,1.2877756122528126,0,0
154,True,0.9188633570711776,1,0
155,True,0.8395166059647475,0,1
156,False,0.980527479776565,0,0
157,False,0.9825331012580794,0,0
158,True,1.0274756377106338,0,0
159,True,1.09828326286326,0,1
160,False,1.0278133140638268,0,1
161,False,1.0815465044953865,0,0
162,False,0.8849933823836554,0,0
163,True,1.0684133271123362,1,0
164,False,1.0960190601922486,0,0
165,False,1.0470979092006487,0,0
166,True,0.844812041146818,0,0
167,True,1.0250127270146507,1,1
168,True,1.0485826427743963,1,1
169,False,1.158612575763951,0,0
170,True,1.1782331048948707,1,0
171,True,0.953682791238577,0,0
172,False,0.9432436867943387,0,0
173,False,0.9973275714015163,1,0
174,False,0.7782362673814744,0,0
175,False,0.9490872023759966,0,1
176,False,1.1007380285406616,1,0
177,False,1.1429851905897963,0,0
178,False,0.9484267191809188,0,0
179,False,1.078569165023875,0,0
180,True,1.0681513664225577,0,0
181,False,1.018424036426479,0,0
182,False,0.7601511520044797,1,0
183,False,1.0572698913904766,0,0
184,True,1.0869795436459078,1,0
185,False,1.0695661041831712,0,0
186,True,0.9550883400811991,1,0
187,False,0.8505182496146799,0,0
188,False,0.9546037059859938,0,0
189,True,1.1524396534640635,0,0
190,False,0.932017087447533,0,0
191,True,1.0188755433747079,0,0
192,True,0.9914997308766754,0,0
193,False,0.955151930760288,0,0
194,False,1.1693163560046897,0,0
195,True,0.6710490304207256,1,1
196,False,1.107713175416614,0,0
197,True,1.1521475849368008,1,1
198,False,1.0372592576402286,0,0
199,True,1.1894762680437387,1,1
200,True,1.0447739847695874,0,0
201,False,1.178694419097036,0,0
202,True,1.1446223719532225,0,1
203,False,1.3702087665750056,0,1
204,True,1.1922054694843327,0,1
205,False,0.9874364876914334,0,0
206,False,1.0364920675899232,0,1
207,False,0.9888763077560367,0,0
208,True,0.9103216558978992,1,0
209,False,0.9373937509222071,0,0
210,True,1.3130414832123094,1,0
211,False,0.9764845043563674,0,0
212,True,1.0186507010540637,1,0
213,True,0.8714633155781897,1,1
214,False,1.1134380940141815,0,0
215,False,0.9057225909101945,0,0
216,True,1.1173309968914387,0,0
217,True,0.9125110382978819,1,0
218,True,0.9900226287934483,0,0
219,False,1.0634664997841166,0,0
220,True,1.0794246184033987,0,0
221,False,0.9304521496000264,0,0
222,False,1.0966625042759723,0,0
223,False,0.8969207450434458,0,0
224,False,0.9635443065345923,0,0
225,True,1.1219913081757156,0,0
226,False,1.0362747870349565,1,0
227,True,0.9647178065294343,0,0
228,True,1.124042545979416,1,1
229,True,0.8498828394888146,0,0
230,True,0.9023034597623526,0,1
231,True,0.9798543249185514,1,0
232,True,1.0495280256453081,1,0
233,False,1.0827141874375172,1,0
234,False,0.8726091313491586,0,0
235,False,1.0310410802318872,0,0
236,False,1.2290445425153804,0,0
237,False,0.9584758873836684,0,0
238,False,1.1147845696597436,0,0
239,False,1.0039986972181232,0,0
240,False,0.9069524202812262,0,0
241,False,0.8756637548386743,0,1
242,False,0.9904286710960566,0,1
243,False,0.9031281532438753,0,0
244,False,0.9362852487453155,0,0
245,True,1.2487920004199802,1,0
246,False,1.1513142656922906,0,0
247,True,0.7556259256989442,1,1
248,False,1.143145990747549,0,0
249,False,1.0452574931031693,0,0
250,False,0.8762697149556945,0,1
251,False,0.8746491860826344,0,0
252,False,0.8868839629866162,0,0
253,True,0.8758776144147661,1,0
254,False,1.1458098907631715,0,0
255,True,1.0526398100153227,1,0
256,True,0.9505442101942648,1,0
257,False,0.9920264951675148,0,0
258,True,0.724862311309066,1,0
259,True,1.24465956824359,1,0
260,True,0.7742710451921851,0,1
261,False,0.9081535519464502,0,0
262,False,0.9381910512325091,0,0
263,False,1.1237209746221748,0,0
264,True,1.123666304696643,1,0
265,False,1.0160554773992487,0,1
266,False,1.0687346914722604,0,0
267,False,0.8979033176117425,1,0
268,True,1.1513250942319573,0,0
269,False,0.923614745559177,0,1
270,False,1.093453185782517,0,0
271,False,1.0409338152831291,0,0
272,False,0.9548502400591227,0,0
273,False,1.0990643742055475,0,0
274,False,1.0156740292214805,0,0
275,False,1.0995809556603358,0,0
276,False,0.8718884334370786,0,1
277,False,1.0265892303727315,1,0
278,False,1.0178136190210687,0,0
279,True,1.150956173310536,1,1
280,True,1.139237716723627,1,1
281,False,1.2162654792542833,0,0
282,False,0.9389662016953105,0,0
283,False,0.9236401240014077,0,0
284,False,0.8659938728867825,0,0
285,False,1.0363852035317327,0,0
286,False,0.9125861535286388,0,0
287,False,0.9413518895501328,0,0
288,False,0.9953504141695599,1,0
289,False,1.1575948531950897,0,0
290,True,1.258246985028124,1,0
291,True,0.9437674762047441,1,1
292,False,1.0155328389724392,0,0
293,False,0.9669055127782961,0,1
294,False,1.0572015264366426,0,0
295,False,0.9095228346587321,0,0
296,False,0.9176899888409129,0,0
297,False,0.9594701521426877,0,0
298,False,1.0324534000757166,0,0
299,False,1.0898338361920465,0,1
