,last_tool_change,relative_processing_time_deviation,machine_state,cleaning
0,True,1.0,1,0
1,True,1.2,0,1
2,False,1.2,0,0
3,True,1.2,0,0
4,False,1.0,0,1
5,False,1.2,0,0
6,False,1.2,0,0
7,False,1.2,0,0
8,False,1.2,0,0
9,False,1.0,0,1
10,False,1.0,0,0
11,False,1.0,0,1
12,False,1.2,0,0
13,True,1.2,1,1
14,False,1.0,0,0
15,False,1.2,0,0
16,False,1.0,0,0
17,True,1.2,0,0
18,False,1.0,0,0
19,False,1.0,0,0
20,False,1.0,0,0
21,False,1.0,0,0
22,False,1.0,0,0
23,True,1.2,1,0
24,True,1.2,0,1
25,False,1.2,0,0
26,True,1.0,0,1
27,True,1.0,1,0
28,False,0.9,0,0
29,False,1.0,0,0
30,False,1.0,0,0
31,False,1.0,0,1
32,False,1.0,0,0
33,False,1.2,0,0
34,True,1.0,0,0
35,True,1.2,0,1
36,True,1.2,1,0
37,True,1.0,1,0
38,True,1.0,0,1
39,True,1.0,1,0
40,False,1.0,0,0
41,False,1.2,0,0
42,False,1.0,0,1
43,False,1.0,0,0
44,False,0.9,0,0
45,False,1.0,0,0
46,False,1.2,1,0
47,False,1.2,0,0
48,False,1.2,0,0
49,False,1.0,0,0
50,True,1.2,1,1
51,True,1.2,0,1
52,False,1.2,0,0
53,False,0.9,1,1
54,True,1.2,1,0
55,True,1.0,0,1
56,False,1.0,0,0
57,False,1.0,0,0
58,False,1.0,0,0
59,False,1.0,0,0
60,False,1.0,1,0
61,True,1.0,1,1
62,False,1.0,0,0
63,False,1.0,0,0
64,False,1.0,1,1
65,False,1.0,0,0
66,False,1.0,0,0
67,False,1.0,0,0
68,True,1.0,1,0
69,False,1.0,0,0
70,False,1.2,0,0
71,False,1.2,0,0
72,True,1.0,1,1
73,False,1.2,0,0
74,True,1.0,0,1
75,False,1.2,0,1
76,True,1.2,1,0
77,False,1.2,0,0
78,False,1.0,0,0
79,True,1.2,1,0
80,False,1.0,0,0
81,False,1.0,0,0
82,False,1.0,0,0
83,True,1.2,1,0
84,False,1.2,0,1
85,False,1.0,0,0
86,True,1.0,1,1
87,True,1.0,0,1
88,False,1.2,0,0
89,True,1.0,0,1
90,True,1.0,1,1
91,True,1.2,1,0
92,False,1.0,0,0
93,False,1.2,0,0
94,True,1.0,0,1
95,True,1.2,1,1
96,False,1.0,0,1
97,True,1.0,0,0
98,False,1.0,0,0
99,True,1.0,1,0
100,False,1.0,0,0
101,True,1.0,1,1
102,False,1.2,0,0
103,True,1.2,0,0
104,True,1.2,1,0
105,True,1.0,0,1
106,False,1.0,0,0
107,True,1.0,1,0
108,True,1.0,0,1
109,True,1.2,0,1
110,False,1.2,0,0
111,True,1.0,0,1
112,False,1.0,0,0
113,False,1.0,0,0
114,True,1.0,0,0
115,True,1.0,0,1
116,True,1.2,0,0
117,True,1.0,0,1
118,True,0.9,0,0
119,False,1.2,1,0
120,True,1.0,0,1
121,False,1.2,1,0
122,False,0.9,0,0
123,True,1.2,1,1
124,True,0.9,1,1
125,True,1.0,0,1
126,True,1.0,0,1
127,False,1.2,0,0
128,False,0.9,0,0
129,True,1.0,0,0
130,False,1.0,0,0
131,False,1.2,0,0
132,False,1.2,0,0
133,True,1.2,1,1
134,False,1.0,1,0
135,False,1.0,0,1
136,False,1.0,0,0
137,False,1.0,0,0
138,False,1.2,0,1
139,False,1.0,0,0
140,False,1.0,0,0
141,True,1.0,1,1
142,True,1.2,1,0
143,True,1.0,0,1
144,True,1.2,1,1
145,False,1.0,0,0
146,False,1.2,1,0
147,False,1.2,0,1
148,True,1.0,0,0
149,True,1.2,1,0
150,True,1.0,1,0
151,False,1.0,1,0
152,True,1.2,1,0
153,False,1.0,0,0
154,False,1.2,0,0
155,False,0.9,0,0
156,False,1.2,1,0
157,True,1.0,1,1
158,False,1.0,0,0
159,False,1.0,0,0
160,False,1.0,0,0
161,True,1.0,1,1
162,False,1.0,1,1
163,False,1.2,0,0
164,False,1.2,0,0
165,False,1.0,1,0
166,False,1.2,0,0
167,False,1.0,0,0
168,True,1.2,1,1
169,False,1.0,0,0
170,True,1.2,1,0
171,False,1.0,0,0
172,True,1.0,0,1
173,False,1.0,0,0
174,True,1.2,1,1
175,False,1.2,0,0
176,False,1.0,1,0
177,False,1.2,0,0
178,False,1.0,0,0
179,False,1.0,0,0
180,False,1.0,0,0
181,False,1.0,0,0
182,False,1.2,0,0
183,False,1.0,0,0
184,False,1.0,0,0
185,False,1.0,1,0
186,False,1.0,0,0
187,False,1.0,0,0
188,False,1.0,0,0
189,False,1.2,0,0
190,False,1.0,0,1
191,True,1.0,1,0
192,False,0.9,0,1
193,True,1.0,1,1
194,False,1.0,0,1
195,True,0.9,1,0
196,False,1.2,0,0
197,False,0.9,0,0
198,True,1.0,0,1
199,False,0.9,0,0
200,True,0.9,1,0
201,True,1.2,1,0
202,False,1.0,0,0
203,True,1.2,0,1
204,False,1.0,0,0
205,False,1.2,0,0
206,True,1.2,1,1
207,False,1.0,1,0
208,True,1.2,0,1
209,False,1.2,0,1
210,True,1.2,1,1
211,True,1.2,0,1
212,False,1.2,0,0
213,True,1.2,1,1
214,True,1.2,0,1
215,False,0.9,0,0
216,True,1.0,0,0
217,False,1.0,0,0
218,True,1.2,1,1
219,False,1.0,0,0
220,True,1.0,1,1
221,True,1.2,0,1
222,False,1.2,0,0
223,True,1.2,1,1
224,False,1.0,1,0
225,True,1.2,1,0
226,False,1.0,1,0
227,False,1.0,0,0
228,True,1.2,1,1
229,True,1.2,1,0
230,False,1.2,0,0
231,True,1.0,0,0
232,False,1.2,0,0
233,False,1.2,0,0
234,False,0.9,0,0
235,False,1.2,0,1
236,False,0.9,0,0
237,False,1.0,1,0
238,False,1.2,0,0
239,False,1.2,0,0
240,False,1.0,0,0
241,False,1.0,0,0
242,False,1.0,0,0
243,False,1.0,0,1
244,False,1.0,0,0
245,False,1.0,0,1
246,False,1.0,0,0
247,False,1.2,0,0
248,False,1.0,0,0
249,True,1.0,1,1
250,False,1.0,0,0
251,False,1.2,0,0
252,False,1.2,0,0
253,False,1.2,0,0
254,True,1.0,1,1
255,True,1.2,0,1
256,False,1.0,0,0
257,False,1.0,0,0
258,True,1.0,1,0
259,True,1.2,1,1
260,False,1.0,0,0
261,True,1.2,0,0
262,True,1.2,0,0
263,False,1.0,0,0
264,True,0.9,1,0
265,False,1.0,0,0
266,False,1.0,0,1
267,False,1.2,0,0
268,False,0.9,0,0
269,False,1.2,0,0
270,False,1.0,0,1
271,False,1.0,1,0
272,False,1.0,0,0
273,False,1.0,1,0
274,False,1.2,1,0
275,False,1.2,1,0
276,False,1.0,0,0
277,False,1.0,0,0
278,False,1.2,0,0
279,True,1.0,1,0
280,True,0.9,0,0
281,False,1.2,0,0
282,False,1.2,0,0
283,False,1.2,0,1
284,False,1.2,0,0
285,False,1.0,0,0
286,False,1.0,1,0
287,False,1.2,0,0
288,False,1.0,0,0
289,False,1.0,0,0
290,True,1.2,0,1
291,True,1.2,1,0
292,False,1.0,0,0
293,False,1.0,0,1
294,False,1.0,0,0
295,False,1.2,0,1
296,False,1.0,0,1
297,False,1.0,0,1
298,False,1.0,0,0
299,False,1.0,0,0
